pos,A,C,D,E,F,G,H,I,K,L,M,N,P,Q,R,S,T,V,W,Y
1,0,0.00161,0,0,0,0.01297,0,0,0,0.0137,0,0,0,0,0.02692,0.01346,0,0,0.93134,0
2,0.00211,0.00079,0.00491,0,0,0.98965,0,0,0,0,0,0,0,0,0.00065,0.00095,0,0.00094,0,0
3,0,0,0,0.00326,0,0,0.00113,0,0.00275,0.00348,0,0,0.0106,0.97128,0.0075,0,0,0,0,0
4,0.01216,0.00114,0.08984,0,0,0.6206,0,0,0,0,0,0,0,0,0.00103,0.00533,0,0.2699,0,0
5,0.01476,0,0,0,0,0,0,0.00326,0,0,0,0.00319,0.0049,0,0,0.01301,0.96088,0,0,0
6,0,0,0,0,0,0,0,0,0,0.95292,0.00172,0,0.0073,0.00377,0.03102,0,0,0.00327,0,0
7,0.00966,0,0.00241,0,0.00181,0.00511,0,0.00878,0,0.0057,0,0,0,0,0,0,0,0.96653,0,0
8,0.01561,0,0,0,0,0,0,0.00896,0,0,0,0.00341,0.00975,0,0,0.0158,0.94647,0,0,0
9,0.01056,0,0.00263,0,0.00146,0.0051,0,0.00373,0,0.00562,0,0,0,0,0,0,0,0.9709,0,0
10,0.0066,0.00445,0,0,0.00523,0,0,0,0,0,0,0,0.0168,0,0,0.96107,0.00288,0,0,0.00297
11,0.00369,0,0,0,0,0,0,0,0,0.00437,0,0,0.01107,0,0,0.97898,0.00189,0,0,0
12,0,0,0,0,0,0,0,0,0,0,0,0,0,0,0,0,0,0,0,0
