G	0.002023	-0.0013	1.00
A	0.002487	0.0110	1.00
G	0.002345	0.0184	0.99
G	0.002382	0.0177	0.99
T	0.002053	-0.0045	1.00
G	0.002150	-0.0145	1.00
C	0.001831	-0.0232	0.99
A	0.002042	-0.0232	0.99
G	0.003133	0.0739	0.96
C	0.003970	0.1146	0.94
T	0.001584	-0.0153	0.99
G	0.001525	-0.0110	1.00
G	0.002396	0.0142	0.99
T	0.002166	0.0044	1.00
G	0.001557	0.0043	1.00
G	0.001165	-0.0021	1.00
A	0.002206	0.0106	1.00
G	0.001269	0.0018	1.00
T	0.001257	-0.0042	1.00
C	0.000863	-0.0041	1.00
T	0.001513	-0.0029	1.00
G	0.000593	-0.0020	0.99
G	0.000843	-0.0116	0.98
G	0.001249	-0.0172	0.99
G	0.003086	0.0242	0.99
G	0.001950	0.0200	0.99
A	0.001665	-0.0151	1.00
G	0.000738	-0.0075	0.99
G	0.004266	0.1158	0.95
C	0.000847	-0.0004	0.99
T	0.002029	-0.0049	1.00
T	0.001522	0.0029	1.00
G	0.001546	-0.0062	1.00
G	0.003383	0.1331	0.92
T	0.002853	0.0593	0.97
G	0.003207	0.0429	0.98
A	0.002822	0.0322	0.99
A	0.002836	0.0363	0.99
G	0.000877	-0.0081	0.99
C	0.002752	0.0069	1.00
C	0.000657	-0.0014	1.00
T	0.002406	0.0159	0.99
G	0.000569	-0.0014	0.99
G	0.000583	-0.0045	0.99
A	0.000855	-0.0097	0.99
G	0.000808	-0.0085	0.99
G	0.001497	-0.0015	1.00
A	0.000908	-0.0091	0.99
T	0.001424	-0.0045	1.00
C	0.001044	0.0009	1.00
C	0.001113	-0.0046	1.00
C	0.000611	-0.0065	0.98
T	0.002273	0.0209	0.99
T	0.003136	0.0234	0.99
A	0.001567	-0.0076	1.00
G	0.000737	-0.0035	1.00
A	0.000901	-0.0108	0.99
C	0.001259	0.0019	1.00
T	0.001365	0.0043	1.00
C	0.000992	-0.0041	0.99
T	0.001774	0.0056	1.00
C	0.000949	-0.0005	1.00
A	0.001382	-0.0024	1.00
T	0.001842	0.0003	1.00
G	0.002582	0.0174	0.99
T	0.001561	-0.0078	1.00
T	0.002196	-0.0155	1.00
C	0.001217	-0.0160	0.98
A	0.001533	-0.0188	0.99
G	0.000863	-0.0054	0.99
C	0.002745	0.0056	1.00
C	0.000592	-0.0058	0.99
T	0.001344	-0.0011	1.00
C	0.001056	-0.0001	1.00
T	0.001555	-0.0044	1.00
G	0.001218	-0.0067	1.00
G	0.002651	0.0303	0.98
T	0.001955	-0.0088	1.00
T	0.002678	0.0215	0.99
T	0.001265	-0.0016	1.00
C	0.001686	-0.0019	1.00
G	0.002427	0.0146	1.00
A	0.001231	-0.0033	1.00
C	0.001868	-0.0003	1.00
T	0.001951	-0.0012	1.00
T	0.001343	0.0011	1.00
C	0.002499	0.0156	0.99
G	0.002345	0.0035	1.00
A	0.003734	0.1717	0.89
T	0.002296	-0.0069	1.00
A	0.003332	0.0362	0.99
A	0.002854	0.0268	0.99
C	0.001960	-0.0013	1.00
G	0.001293	0.0040	1.00
C	0.001780	-0.0013	1.00
C	0.000680	-0.0022	0.99
T	0.002445	0.0157	0.99
G	0.000897	-0.0105	0.99
G	0.001693	-0.0028	1.00
A	0.003036	0.0420	0.98
T	0.002285	0.0090	1.00
G	0.001409	0.0007	0.99
A	0.001925	0.0053	1.00
C	0.003534	0.1568	0.91
T	0.003639	0.1152	0.94
T	0.001583	-0.0135	1.00
G	0.000391	-0.0046	0.98
G	0.000749	-0.0042	0.99
G	0.000680	-0.0046	0.99
T	0.001355	-0.0047	1.00
C	0.000455	-0.0047	0.98
C	0.000896	-0.0011	0.99
G	0.000655	-0.0041	0.99
C	0.001234	-0.0046	1.00
C	0.000419	-0.0002	0.99
A	0.001480	0.0028	1.00
G	0.000535	-0.0054	0.99
C	0.004425	0.1141	0.95
C	0.000940	-0.0029	1.00
T	0.001207	-0.0030	1.00
C	0.000757	-0.0044	0.99
C	0.000926	-0.0015	1.00
A	0.001695	-0.0029	1.00
G	0.000619	-0.0103	0.97
G	0.001624	0.0082	1.00
G	0.002400	-0.0060	1.00
A	0.002091	0.0072	1.00
A	0.001446	-0.0116	0.99
G	0.000402	-0.0024	0.99
G	0.000717	-0.0079	0.99
G	0.000462	-0.0067	0.98
C	0.003626	0.0377	0.99
C	0.000675	-0.0031	0.99
T	0.001284	-0.0092	0.99
C	0.001204	-0.0014	1.00
G	0.001331	-0.0066	1.00
A	0.002091	0.0127	1.00
A	0.002682	0.0386	0.98
T	0.001803	0.0064	1.00
G	0.000736	-0.0076	0.99
G	0.001322	-0.0169	0.99
G	0.004303	0.0871	0.97
T	0.001487	-0.0157	0.99
T	0.001391	-0.0096	1.00
G	0.000429	-0.0006	0.99
G	0.000771	-0.0057	0.99
T	0.000730	-0.0004	1.00
C	0.000378	-0.0019	0.99
G	0.003773	0.1802	0.90
T	0.002661	0.0316	0.99
A	0.003938	0.0843	0.97
T	0.002143	0.0193	0.99
T	0.002841	0.0261	0.99
A	0.002796	0.0172	0.99
C	0.003075	0.0436	0.98
G	0.002898	0.0331	0.99
G	0.002657	0.0355	0.99
G	0.002447	0.0835	0.94
T	0.003620	0.1591	0.91
C	0.002205	-0.0157	1.00
C	0.003264	0.0413	0.98
A	0.002898	0.0210	0.99
G	0.002674	-0.0048	1.00
G	0.003477	0.0876	0.95
T	0.001378	-0.0165	0.99
G	0.002454	0.0535	0.97
A	0.002124	-0.0100	1.00
A	0.002556	0.0109	1.00
G	0.001893	0.0033	1.00
G	0.002284	0.0176	0.99
T	0.002126	0.0044	1.00
T	0.000821	-0.0008	0.99
G	0.001759	0.0041	1.00
G	0.000772	-0.0033	0.99
T	0.001554	-0.0063	1.00
C	0.000858	-0.0079	0.99
A	0.002107	-0.0042	1.00
G	0.003460	0.0664	0.98
T	0.002947	0.0247	0.99
G	0.001948	-0.0028	1.00
G	0.000544	-0.0078	0.98
A	0.001005	-0.0121	0.99
C	0.001449	0.0232	0.98
T	0.002308	0.0138	0.99
A	0.003532	0.0350	0.99
T	0.001909	0.0217	0.99
G	0.003675	0.1276	0.94
C	0.002254	0.0465	0.97
T	0.001874	-0.0057	1.00
G	0.002769	0.0295	0.99
C	0.002381	0.0125	0.99
A	0.002539	-0.0037	1.00
C	0.001485	-0.0185	0.99
C	0.001482	-0.0009	1.00
C	0.000505	-0.0071	0.98
G	0.002551	0.0141	1.00
T	0.001763	-0.0020	1.00
G	0.001188	-0.0091	0.99
G	0.001519	0.0001	1.00
A	0.002570	0.0110	1.00
A	0.002101	0.0041	1.00
G	0.000451	-0.0029	0.99
G	0.001941	-0.0175	0.99
C	0.000897	-0.0019	1.00
A	0.001426	-0.0049	1.00
G	0.001419	-0.0006	1.00
A	0.001333	-0.0039	1.00
T	0.002750	0.0188	0.99
T	0.001276	-0.0025	1.00
T	0.001671	0.0001	1.00
A	0.002441	0.0042	1.00
C	0.001444	-0.0020	1.00
C	0.001071	-0.0045	1.00
A	0.003029	0.0216	0.99
T	0.001647	0.0010	1.00
C	0.001972	0.0122	0.99
T	0.001355	-0.0015	1.00
C	0.000652	-0.0065	0.99
G	0.001987	0.0001	1.00
A	0.002131	-0.0065	1.00
G	0.001052	-0.0052	0.99
A	0.001787	0.0049	1.00
C	0.002732	0.0364	0.99
T	0.002264	-0.0052	1.00
C	0.002237	0.0106	1.00
A	0.002633	0.0517	0.97
A	0.002315	-0.0005	1.00
T	0.002725	0.0199	0.99
T	0.001391	-0.0052	1.00
C	0.002148	0.0653	0.94
A	0.002309	-0.0021	1.00
A	0.003099	0.0272	0.99
T	0.002957	0.0558	0.97
A	0.003032	0.0552	0.98
A	0.002891	0.0198	0.99
A	0.002839	0.0174	0.99
T	0.002737	0.0305	0.99
T	0.002359	0.0077	1.00
T	0.001617	0.0053	1.00
C	0.003955	0.1282	0.94
T	0.002152	0.0503	0.96
T	0.001552	-0.0095	1.00
A	0.002745	0.0505	0.97
T	0.002469	0.0469	0.98
A	0.004165	0.1258	0.95
T	0.001262	-0.0137	0.99
T	0.002273	0.0630	0.96
T	0.002030	0.0114	0.99
G	0.002475	0.0339	0.98
G	0.002889	0.0978	0.94
A	0.002238	-0.0108	1.00
G	0.003402	0.0440	0.98
A	0.003333	0.0516	0.98
T	0.001839	-0.0067	1.00
G	0.001628	0.0089	1.00
A	0.001905	0.0010	1.00
A	0.002813	0.0083	1.00
C	0.002899	0.0215	0.99
A	0.002296	0.0072	1.00
A	0.001643	0.0177	0.99
T	0.001274	-0.0056	1.00
T	0.000985	-0.0066	0.99
T	0.001413	-0.0040	1.00
A	0.001444	0.0058	0.99
A	0.001605	-0.0032	1.00
G	0.003156	0.0391	0.98
A	0.002922	0.0181	0.99
A	0.002988	0.0171	0.99
T	0.003102	0.0378	0.98
G	0.001444	-0.0135	0.99
G	0.001283	0.0003	1.00
A	0.001768	-0.0030	1.00
A	0.002793	0.0437	0.98
G	0.000761	-0.0017	0.99
A	0.001661	-0.0090	1.00
C	0.001498	0.0068	1.00
T	0.001579	-0.0127	0.99
C	0.001785	0.0084	1.00
A	0.002058	0.0050	1.00
G	0.001067	-0.0075	1.00
G	0.004176	0.1090	0.95
C	0.000581	-0.0065	0.99
C	0.002672	0.0196	0.99
T	0.001988	0.0007	1.00
T	0.003133	0.1782	0.87
T	0.002608	0.0435	0.98
A	0.003979	0.0845	0.97
C	0.001863	0.0055	1.00
T	0.002936	0.0340	0.99
T	0.003352	0.0445	0.99
C	0.002393	0.0413	0.98
T	0.001496	-0.0121	1.00
G	0.003175	0.0423	0.98
T	0.002554	0.0280	0.99
G	0.003444	0.0259	0.99
C	0.002801	0.0509	0.98
C	0.001661	-0.0006	1.00
C	0.000642	-0.0108	0.97
G	0.003576	0.1171	0.94
C	0.001782	0.0231	0.99
A	0.002615	0.0249	0.99
C	0.001148	-0.0146	0.99
G	0.000766	-0.0066	0.99
G	0.001332	0.0006	1.00
G	0.002272	-0.0037	1.00
A	0.002041	0.0111	0.99
A	0.002803	0.0287	0.99
A	0.003212	0.1202	0.93
A	0.003150	0.0655	0.97
T	0.002717	0.0367	0.98
A	0.003956	0.0829	0.97
T	0.001856	0.0038	1.00
T	0.002971	0.0333	0.99
A	0.003212	0.0357	0.99
T	0.001601	-0.0101	1.00
G	0.003142	0.1045	0.93
A	0.002577	0.0084	1.00
T	0.002810	0.0269	0.99
T	0.001643	-0.0049	1.00
T	0.001810	0.0098	0.99
T	0.001811	0.0051	1.00
T	0.001611	0.0043	1.00
G	0.000622	-0.0085	0.98
G	0.000721	-0.0069	0.99
A	0.002088	0.0122	0.99
G	0.002895	0.0350	0.99
T	0.001806	0.0062	1.00
G	0.001794	0.0019	1.00
G	0.002969	0.0255	0.99
C	0.002165	0.0043	1.00
T	0.002576	0.0254	0.99
A	0.003972	0.0465	0.99
T	0.001312	-0.0067	1.00
C	0.001606	0.0053	1.00
C	0.001105	-0.0056	1.00
G	0.000674	-0.0043	0.99
C	0.002458	0.0143	1.00
C	0.000305	-0.0048	0.98
G	0.000575	-0.0098	0.98
G	0.001395	-0.0011	1.00
G	0.002108	0.0163	0.99
A	0.001849	0.0010	1.00
G	0.001725	0.0125	0.99
A	0.001785	-0.0046	1.00
A	0.003012	0.0398	0.99
G	0.001159	-0.0079	1.00
A	0.001391	-0.0104	1.00
A	0.003695	0.0817	0.97
T	0.002637	0.0231	0.99
A	0.003296	0.0401	0.99
C	0.002035	0.0084	0.99
T	0.002388	0.0147	0.99
T	0.001456	-0.0058	1.00
C	0.002725	0.0462	0.98
C	0.000953	-0.0167	0.98
A	0.001756	0.0064	1.00
A	0.002295	0.0665	0.95
G	0.003843	0.1532	0.92
A	0.002865	0.0376	0.99
C	0.002651	0.0078	0.99
T	0.001448	-0.0089	0.99
G	0.000301	-0.0025	0.98
G	0.000212	-0.0024	0.97
G	0.000317	-0.0037	0.98
G	0.000771	-0.0046	1.00
C	0.000602	-0.0028	1.00
C	0.000419	-0.0002	0.99
G	0.001692	-0.0020	1.00
G	0.001367	-0.0168	0.99
G	0.000712	-0.0045	0.99
G	0.003753	0.3683	0.75
C	0.001288	0.0763	0.88
A	0.002595	0.0007	1.00
C	0.001495	-0.0123	1.00
C	0.001197	-0.0063	1.00
C	0.000770	-0.0026	1.00
T	0.002508	0.0133	0.99
G	0.001284	-0.0075	1.00
G	0.001071	0.0026	1.00
T	0.001270	-0.0000	1.00
C	0.000676	-0.0047	0.99
A	0.002436	0.0027	1.00
C	0.001333	-0.0019	0.99
C	0.000865	-0.0080	0.99
G	0.000989	-0.0044	1.00
T	0.001399	-0.0014	1.00
C	0.000819	-0.0027	1.00
T	0.001773	0.0045	1.00
C	0.000961	-0.0007	1.00
C	0.001540	0.0074	1.00
T	0.001348	-0.0030	1.00
C	0.001398	-0.0098	0.99
A	0.002501	0.0123	1.00
