0.001990	0.0009	1.00
0.002486	0.0115	1.00
0.002315	0.0194	0.99
0.002388	0.0173	0.99
0.002073	-0.0058	1.00
0.002135	-0.0134	1.00
0.001835	-0.0235	0.99
0.002044	-0.0232	0.99
0.003152	0.0719	0.97
0.003977	0.1161	0.94
0.001565	-0.0141	1.00
0.001526	-0.0110	1.00
0.002396	0.0146	0.99
0.002145	0.0049	1.00
0.001524	0.0059	1.00
0.001139	-0.0005	1.00
0.002191	0.0111	1.00
0.001265	0.0019	1.00
0.001291	-0.0066	1.00
0.000861	-0.0046	1.00
0.001523	-0.0039	1.00
0.000617	-0.0032	0.99
0.000822	-0.0095	0.99
0.001231	-0.0159	0.99
0.003020	0.0268	0.99
0.001976	0.0199	0.99
0.001634	-0.0134	1.00
0.000734	-0.0064	0.99
0.004235	0.1171	0.95
0.000852	-0.0004	0.99
0.002036	-0.0051	1.00
0.001538	0.0018	1.00
0.001573	-0.0074	1.00
0.003353	0.1346	0.91
0.002856	0.0597	0.97
0.003224	0.0413	0.98
0.002824	0.0319	0.99
0.002825	0.0374	0.99
0.000862	-0.0073	0.99
0.002731	0.0088	1.00
0.000646	-0.0013	0.99
0.002382	0.0179	0.99
0.000574	-0.0012	1.00
0.000571	-0.0042	0.99
0.000846	-0.0087	0.99
0.000824	-0.0093	0.98
0.001518	-0.0021	1.00
0.000900	-0.0085	0.99
0.001459	-0.0064	1.00
0.001024	0.0026	1.00
0.001122	-0.0045	1.00
0.000626	-0.0073	0.99
0.002312	0.0167	0.99
0.003139	0.0208	0.99
0.001550	-0.0074	1.00
0.000725	-0.0022	0.99
0.000892	-0.0102	0.99
0.001269	0.0016	1.00
0.001363	0.0042	1.00
0.000994	-0.0046	1.00
0.001809	0.0028	1.00
0.000941	-0.0007	1.00
0.001414	-0.0040	1.00
0.001851	0.0010	1.00
0.002596	0.0162	0.99
0.001555	-0.0076	1.00
0.002186	-0.0156	1.00
0.001217	-0.0157	0.99
0.001545	-0.0195	0.99
0.000878	-0.0056	0.99
0.002751	0.0049	1.00
0.000580	-0.0056	0.99
0.001381	-0.0034	1.00
0.001030	0.0021	0.99
0.001564	-0.0042	1.00
0.001225	-0.0075	1.00
0.002621	0.0313	0.99
0.001966	-0.0100	1.00
0.002717	0.0177	1.00
0.001273	-0.0022	1.00
0.001660	0.0015	1.00
0.002421	0.0162	0.99
0.001212	-0.0017	1.00
0.001886	-0.0009	1.00
0.001928	-0.0002	1.00
0.001372	-0.0003	0.99
0.002560	0.0116	0.99
0.002311	0.0048	1.00
0.003747	0.1726	0.89
0.002258	-0.0046	1.00
0.003349	0.0346	0.99
0.002838	0.0278	0.99
0.001939	0.0001	1.00
0.001285	0.0033	1.00
0.001781	-0.0013	1.00
0.000669	-0.0014	1.00
0.002392	0.0165	0.99
0.000914	-0.0116	0.99
0.001711	-0.0042	1.00
0.003005	0.0436	0.98
0.002264	0.0094	1.00
0.001396	-0.0000	1.00
0.001909	0.0052	1.00
0.003533	0.1580	0.91
0.003610	0.1161	0.94
0.001582	-0.0125	1.00
0.000396	-0.0046	0.98
0.000761	-0.0050	0.99
0.000676	-0.0041	0.99
0.001329	-0.0035	1.00
0.000447	-0.0043	0.98
0.000926	-0.0029	1.00
0.000653	-0.0040	0.99
0.001260	-0.0060	1.00
0.000439	-0.0013	0.99
0.001506	0.0021	1.00
0.000539	-0.0060	0.99
0.004422	0.1136	0.95
0.000939	-0.0034	1.00
0.001231	-0.0040	1.00
0.000759	-0.0048	0.99
0.000936	-0.0028	0.99
0.001689	-0.0013	1.00
0.000618	-0.0100	0.98
0.001635	0.0071	1.00
0.002384	-0.0057	1.00
0.002056	0.0089	1.00
0.001450	-0.0111	1.00
0.000412	-0.0028	0.99
0.000734	-0.0088	0.98
0.000463	-0.0070	0.98
0.003614	0.0382	0.99
0.000688	-0.0046	0.99
0.001299	-0.0105	0.99
0.001196	-0.0012	1.00
0.001299	-0.0050	1.00
0.002082	0.0129	0.99
0.002702	0.0373	0.98
0.001804	0.0069	1.00
0.000760	-0.0090	0.98
0.001334	-0.0180	0.99
0.004264	0.0899	0.97
0.001496	-0.0164	0.99
0.001395	-0.0093	1.00
0.000440	-0.0008	0.99
0.000775	-0.0056	0.99
0.000746	-0.0010	1.00
0.000384	-0.0029	0.99
0.003782	0.1788	0.90
0.002673	0.0317	0.99
0.003957	0.0822	0.97
0.002188	0.0162	0.99
0.002820	0.0278	0.99
0.002805	0.0163	0.99
0.003086	0.0432	0.98
0.002878	0.0354	0.99
0.002622	0.0377	0.98
0.002444	0.0821	0.94
0.003576	0.1631	0.90
0.002204	-0.0152	1.00
0.003267	0.0409	0.98
0.002889	0.0216	0.99
0.002661	-0.0044	1.00
0.003460	0.0889	0.96
0.001376	-0.0162	0.99
0.002473	0.0522	0.97
0.002109	-0.0081	1.00
0.002553	0.0101	1.00
0.001898	0.0012	1.00
0.002311	0.0159	0.99
0.002107	0.0046	1.00
0.000831	-0.0004	1.00
0.001739	0.0042	1.00
0.000774	-0.0029	0.99
0.001526	-0.0052	1.00
0.000843	-0.0075	0.99
0.002108	-0.0041	1.00
0.003471	0.0644	0.97
0.002978	0.0218	0.99
0.001905	-0.0007	1.00
0.000546	-0.0075	0.98
0.001014	-0.0120	0.99
0.001438	0.0248	0.98
0.002345	0.0126	0.99
0.003527	0.0354	0.99
0.001916	0.0222	0.99
0.003661	0.1291	0.93
0.002272	0.0453	0.98
0.001876	-0.0043	1.00
0.002773	0.0286	0.99
0.002430	0.0102	1.00
0.002538	-0.0035	1.00
0.001505	-0.0197	0.99
0.001474	-0.0010	1.00
0.000499	-0.0063	0.98
0.002544	0.0126	1.00
0.001766	-0.0013	1.00
0.001139	-0.0061	1.00
0.001500	0.0001	1.00
0.002571	0.0114	1.00
0.002086	0.0047	1.00
0.000462	-0.0035	0.99
0.001926	-0.0169	1.00
0.000910	-0.0031	0.99
0.001414	-0.0044	1.00
0.001437	-0.0028	1.00
0.001355	-0.0052	1.00
0.002748	0.0203	0.99
0.001260	-0.0014	1.00
0.001674	-0.0003	1.00
0.002426	0.0041	1.00
0.001422	-0.0000	1.00
0.001088	-0.0060	1.00
0.003030	0.0211	1.00
0.001635	0.0018	1.00
0.001972	0.0117	0.99
0.001359	-0.0021	1.00
0.000658	-0.0063	0.99
0.001988	0.0000	1.00
0.002117	-0.0057	1.00
0.001045	-0.0046	1.00
0.001793	0.0035	1.00
0.002737	0.0353	0.98
0.002226	-0.0040	1.00
0.002286	0.0070	1.00
0.002641	0.0520	0.97
0.002314	0.0001	1.00
0.002770	0.0182	0.99
0.001378	-0.0040	1.00
0.002138	0.0683	0.93
0.002285	-0.0017	1.00
0.003070	0.0293	0.99
0.002940	0.0572	0.97
0.003040	0.0556	0.98
0.002885	0.0203	0.99
0.002827	0.0172	0.99
0.002745	0.0297	0.99
0.002335	0.0083	1.00
0.001631	0.0045	1.00
0.003961	0.1290	0.94
0.002157	0.0501	0.97
0.001551	-0.0093	1.00
0.002744	0.0504	0.97
0.002450	0.0481	0.97
0.004194	0.1207	0.95
0.001253	-0.0140	0.99
0.002276	0.0634	0.95
0.002043	0.0120	1.00
0.002479	0.0339	0.98
0.002904	0.0964	0.94
0.002231	-0.0104	1.00
0.003442	0.0421	0.98
0.003304	0.0542	0.98
0.001836	-0.0071	1.00
0.001675	0.0075	0.99
0.001915	0.0010	1.00
0.002803	0.0087	1.00
0.002889	0.0232	0.99
0.002327	0.0044	1.00
0.001615	0.0183	0.99
0.001261	-0.0043	1.00
0.000995	-0.0070	0.99
0.001401	-0.0033	1.00
0.001433	0.0069	1.00
0.001580	-0.0003	1.00
0.003169	0.0381	0.98
0.002916	0.0192	0.99
0.002982	0.0165	0.99
0.003094	0.0366	0.99
0.001420	-0.0121	1.00
0.001303	-0.0008	1.00
0.001769	-0.0025	1.00
0.002786	0.0455	0.98
0.000768	-0.0016	1.00
0.001636	-0.0077	1.00
0.001511	0.0059	1.00
0.001557	-0.0116	1.00
0.001819	0.0073	1.00
0.002034	0.0064	1.00
0.001073	-0.0076	1.00
0.004176	0.1117	0.96
0.000582	-0.0064	0.99
0.002683	0.0179	0.99
0.001991	0.0018	1.00
0.003084	0.1815	0.87
0.002608	0.0436	0.98
0.003986	0.0834	0.97
0.001883	0.0038	1.00
0.002942	0.0334	0.99
0.003357	0.0433	0.98
0.002408	0.0428	0.98
0.001528	-0.0126	0.99
0.003158	0.0452	0.98
0.002554	0.0287	0.99
0.003399	0.0300	0.99
0.002836	0.0505	0.98
0.001695	-0.0019	1.00
0.000629	-0.0100	0.98
0.003596	0.1155	0.94
0.001794	0.0235	0.99
0.002609	0.0253	0.99
0.001144	-0.0143	0.99
0.000776	-0.0070	0.99
0.001344	-0.0002	1.00
0.002246	-0.0019	1.00
0.001998	0.0127	0.99
0.002846	0.0257	0.99
0.003244	0.1176	0.94
0.003128	0.0678	0.97
0.002748	0.0341	0.99
0.003933	0.0845	0.97
0.001835	0.0053	1.00
0.002983	0.0301	0.99
0.003177	0.0382	0.99
0.001630	-0.0112	1.00
0.003202	0.1026	0.94
0.002572	0.0098	1.00
0.002775	0.0283	0.99
0.001692	-0.0073	1.00
0.001796	0.0105	0.99
0.001821	0.0047	1.00
0.001594	0.0051	1.00
0.000623	-0.0090	0.98
0.000719	-0.0068	0.99
0.002066	0.0150	1.00
0.002895	0.0346	0.99
0.001835	0.0045	1.00
0.001787	0.0032	1.00
0.002921	0.0283	0.99
0.002143	0.0057	1.00
0.002594	0.0234	0.99
0.003967	0.0461	0.99
0.001328	-0.0071	1.00
0.001630	0.0046	1.00
0.001105	-0.0055	1.00
0.000672	-0.0047	0.99
0.002452	0.0142	0.99
0.000309	-0.0056	0.97
0.000572	-0.0096	0.98
0.001367	-0.0002	1.00
0.002115	0.0143	0.99
0.001860	0.0001	1.00
0.001729	0.0138	0.99
0.001782	-0.0043	1.00
0.003026	0.0390	0.99
0.001149	-0.0081	0.99
0.001377	-0.0105	0.99
0.003675	0.0824	0.97
0.002628	0.0240	0.99
0.003280	0.0418	0.98
0.002038	0.0088	0.99
0.002410	0.0130	0.99
0.001481	-0.0072	0.99
0.002684	0.0488	0.97
0.000940	-0.0158	0.98
0.001755	0.0058	1.00
0.002256	0.0683	0.94
0.003862	0.1541	0.92
0.002847	0.0382	0.99
0.002636	0.0088	1.00
0.001449	-0.0099	1.00
0.000290	-0.0018	0.99
0.000212	-0.0025	0.97
0.000314	-0.0036	0.98
0.000763	-0.0044	1.00
0.000601	-0.0033	0.99
0.000434	-0.0013	0.99
0.001699	-0.0018	1.00
0.001337	-0.0158	0.99
0.000725	-0.0048	0.99
0.003734	0.3716	0.75
0.001303	0.0751	0.90
0.002596	0.0006	1.00
0.001489	-0.0126	1.00
0.001200	-0.0068	0.99
0.000784	-0.0032	0.99
0.002493	0.0139	0.99
0.001281	-0.0077	1.00
0.001076	0.0025	1.00
0.001293	-0.0018	1.00
0.000693	-0.0051	0.99
0.002418	0.0037	1.00
0.001345	-0.0025	1.00
0.000858	-0.0079	0.99
0.000981	-0.0035	1.00
0.001408	-0.0011	1.00
0.000818	-0.0027	0.99
0.001782	0.0046	1.00
0.000959	-0.0013	0.99
0.001523	0.0076	0.99
0.001360	-0.0033	1.00
0.001381	-0.0096	0.99
0.002510	0.0114	1.00
