C	0.002087	0.0048	1.00
A	0.002614	0.0161	0.99
G	0.001986	0.0065	1.00
G	0.002476	0.0255	0.99
T	0.002218	-0.0046	1.00
G	0.002289	-0.0127	1.00
C	0.001987	-0.0237	0.99
A	0.002227	-0.0239	0.99
G	0.003198	0.0831	0.96
C	0.003958	0.1330	0.93
T	0.001696	-0.0134	1.00
G	0.001667	-0.0117	1.00
G	0.002573	0.0168	0.99
A	0.002214	-0.0039	1.00
A	0.002221	-0.0103	1.00
C	0.001893	-0.0265	0.99
A	0.003015	0.0341	0.99
A	0.001703	0.0230	0.98
T	0.001367	-0.0031	1.00
C	0.000990	-0.0054	1.00
G	0.001593	-0.0014	1.00
G	0.000599	0.0002	0.99
G	0.000879	-0.0101	0.99
G	0.000518	-0.0083	0.98
A	0.003804	0.0469	0.99
C	0.000733	-0.0029	1.00
T	0.001072	-0.0118	0.99
G	0.001400	0.0017	1.00
C	0.001869	0.0014	1.00
G	0.002513	0.0205	0.99
G	0.002327	0.0247	0.99
T	0.002216	0.0164	0.99
G	0.001463	-0.0114	0.99
A	0.001785	-0.0040	1.00
G	0.003068	0.0486	0.98
G	0.001338	-0.0066	1.00
A	0.001728	-0.0042	1.00
A	0.003030	0.0345	0.99
G	0.000872	-0.0077	0.99
C	0.002844	0.0133	0.99
C	0.000675	0.0004	1.00
T	0.002528	0.0199	0.99
G	0.000588	-0.0006	0.99
G	0.000569	-0.0030	0.99
G	0.000348	-0.0038	0.98
G	0.000780	-0.0040	0.99
C	0.000564	-0.0014	0.99
C	0.000515	-0.0037	0.99
T	0.001341	-0.0001	1.00
C	0.000537	-0.0038	0.99
G	0.002359	0.0094	1.00
G	0.002243	0.0157	0.99
T	0.001531	-0.0008	1.00
G	0.001273	-0.0093	1.00
A	0.001705	-0.0006	1.00
C	0.002256	-0.0214	1.00
G	0.002068	0.0225	0.99
C	0.003339	0.0627	0.97
T	0.002991	0.0564	0.97
T	0.002319	0.0065	1.00
T	0.001689	-0.0086	1.00
C	0.002944	0.0554	0.97
C	0.001967	-0.0096	1.00
T	0.001786	-0.0179	0.99
G	0.002914	0.0324	0.99
C	0.001709	0.0154	0.99
C	0.002286	-0.0037	1.00
A	0.003946	0.1143	0.95
G	0.000538	-0.0049	0.99
G	0.002855	-0.0152	0.99
C	0.000959	-0.0077	1.00
G	0.002671	0.0043	1.00
T	0.001938	0.0007	1.00
C	0.003017	0.0659	0.96
C	0.001678	-0.0020	1.00
G	0.001282	-0.0046	1.00
G	0.002412	0.0411	0.98
T	0.002345	-0.0090	1.00
T	0.003671	0.1102	0.95
A	0.003062	0.0686	0.97
C	0.001836	-0.0073	1.00
A	0.002941	0.0344	0.99
A	0.001578	0.0073	1.00
C	0.001945	0.0178	0.99
T	0.002164	-0.0004	1.00
T	0.001409	-0.0014	1.00
C	0.001879	-0.0012	1.00
G	0.002573	0.0070	1.00
T	0.001524	0.0007	1.00
C	0.001537	0.0074	0.99
A	0.002138	0.0041	1.00
A	0.003024	0.0846	0.95
A	0.003615	0.1331	0.92
T	0.002992	0.0236	0.99
A	0.003538	0.0574	0.98
C	0.002454	0.0430	0.98
A	0.002315	0.0161	0.99
T	0.004222	0.1166	0.95
C	0.002193	0.0096	1.00
A	0.004069	0.1579	0.93
T	0.002208	0.0028	1.00
T	0.003007	0.1277	0.92
C	0.002343	0.0195	0.99
A	0.002884	0.0460	0.98
C	0.002215	0.0151	0.99
T	0.001577	-0.0109	1.00
G	0.000488	-0.0070	0.98
G	0.000983	-0.0095	0.99
G	0.002335	0.0094	1.00
T	0.002063	0.0001	1.00
G	0.001523	-0.0129	0.99
C	0.001081	-0.0195	0.98
G	0.000666	-0.0042	0.99
C	0.002428	0.0158	1.00
C	0.000444	-0.0045	0.98
A	0.001418	-0.0060	1.00
G	0.000398	-0.0023	0.99
A	0.000763	-0.0020	1.00
A	0.000702	-0.0052	0.99
A	0.000415	-0.0025	0.99
C	0.000645	-0.0003	0.99
C	0.000700	0.0008	0.99
T	0.002739	0.0158	1.00
G	0.001123	-0.0023	1.00
G	0.000688	-0.0035	0.99
A	0.001592	-0.0028	1.00
C	0.000890	-0.0110	0.99
T	0.002077	0.0043	1.00
C	0.004390	0.1094	0.96
G	0.000726	-0.0087	0.99
G	0.000726	-0.0042	0.99
C	0.003554	0.0508	0.98
T	0.000945	0.0008	1.00
T	0.002080	-0.0043	1.00
T	0.001351	-0.0109	0.99
G	0.001330	0.0062	1.00
A	0.001969	0.0040	1.00
G	0.002823	0.0427	0.98
T	0.001905	0.0079	1.00
G	0.001166	-0.0063	1.00
G	0.001616	-0.0004	1.00
G	0.003153	0.0492	0.98
T	0.002470	0.0187	0.99
T	0.000827	-0.0130	0.98
G	0.001667	0.0035	1.00
G	0.002613	0.0015	0.99
C	0.002191	0.0245	0.99
A	0.003568	0.0963	0.96
T	0.002585	0.0254	0.99
G	0.003259	0.0252	0.99
A	0.003761	0.0799	0.97
T	0.001645	0.0105	0.99
C	0.001919	0.0000	0.99
G	0.002260	0.0024	1.00
A	0.002826	-0.0079	1.00
C	0.003698	0.0756	0.97
C	0.001965	-0.0149	1.00
C	0.001270	-0.0153	0.99
C	0.002980	0.0450	0.98
T	0.003159	0.0425	0.98
A	0.002438	0.0123	0.99
C	0.001944	0.0074	1.00
C	0.001858	0.0064	1.00
G	0.002544	0.0174	0.99
T	0.002271	0.0075	1.00
G	0.002050	0.0048	1.00
G	0.003516	0.1501	0.91
C	0.003120	0.0649	0.97
C	0.003027	0.0207	0.99
G	0.002690	0.1000	0.93
G	0.003617	0.1735	0.90
C	0.002435	-0.0046	1.00
C	0.002388	-0.0102	1.00
A	0.002133	0.0002	1.00
T	0.003160	0.0164	0.99
G	0.003067	0.0806	0.95
G	0.003495	0.1357	0.92
T	0.002976	0.0241	0.99
C	0.003548	0.0479	0.98
C	0.001902	0.0278	0.99
G	0.003626	0.1150	0.94
C	0.001973	0.0238	0.99
G	0.002001	0.0018	1.00
C	0.001452	0.0021	1.00
A	0.001850	0.0050	1.00
C	0.001300	-0.0053	1.00
A	0.001553	-0.0014	1.00
A	0.002877	0.0190	0.99
A	0.003160	0.0391	0.98
T	0.002305	0.0220	0.99
T	0.001637	-0.0044	1.00
T	0.002843	0.0529	0.98
C	0.000836	-0.0146	0.97
A	0.001835	-0.0027	1.00
G	0.001598	-0.0194	0.99
G	0.000638	-0.0034	0.99
G	0.004259	0.4255	0.73
T	0.000702	0.0018	1.00
C	0.001562	-0.0030	1.00
G	0.001257	0.0038	1.00
A	0.001551	-0.0038	1.00
C	0.001408	0.0011	1.00
T	0.001613	0.0099	0.99
C	0.000859	-0.0071	0.99
T	0.002536	0.0082	1.00
C	0.001416	0.0016	1.00
C	0.001196	-0.0058	1.00
C	0.002673	0.0124	1.00
T	0.002784	0.0392	0.98
G	0.000893	-0.0085	0.99
A	0.002002	0.0028	1.00
G	0.001713	0.0114	1.00
T	0.001744	0.0039	0.99
C	0.001870	-0.0021	1.00
G	0.000577	-0.0080	0.98
A	0.001819	0.0072	1.00
G	0.000991	-0.0062	0.99
A	0.001709	-0.0048	1.00
C	0.001592	0.0092	0.99
A	0.002560	0.0116	1.00
C	0.001355	-0.0099	1.00
T	0.001459	0.0039	1.00
T	0.001679	0.0042	1.00
C	0.000925	-0.0050	1.00
C	0.001802	0.0279	0.98
A	0.002524	0.0063	1.00
T	0.001602	0.0028	1.00
G	0.001524	-0.0042	1.00
G	0.002185	-0.0008	1.00
A	0.002780	0.0095	0.99
A	0.004231	0.1793	0.91
A	0.002520	-0.0051	1.00
T	0.002378	0.0008	1.00
A	0.002383	0.0074	1.00
C	0.002012	0.0167	0.99
T	0.001529	-0.0053	1.00
A	0.001737	0.0635	0.94
T	0.003258	0.0651	0.97
A	0.003451	0.0396	0.98
T	0.001788	0.0122	0.99
A	0.002871	0.0245	0.99
T	0.002825	0.0195	0.99
G	0.001819	0.0216	0.99
A	0.001402	-0.0034	1.00
C	0.001908	-0.0022	1.00
C	0.003582	0.1746	0.90
C	0.003719	0.1255	0.94
T	0.001605	-0.0174	0.99
G	0.001552	0.0056	1.00
A	0.001883	0.0116	0.99
C	0.002883	0.0088	0.99
C	0.004204	0.1927	0.90
A	0.002430	-0.0249	1.00
G	0.001028	-0.0062	1.00
C	0.002727	0.0133	0.99
C	0.000755	-0.0027	1.00
T	0.001402	-0.0029	1.00
G	0.001467	0.0061	0.99
A	0.001576	-0.0028	1.00
A	0.002846	0.0435	0.98
A	0.002028	-0.0212	0.99
T	0.002183	-0.0154	1.00
C	0.003140	0.0633	0.97
T	0.001509	-0.0033	1.00
G	0.001365	0.0036	1.00
A	0.001825	0.0040	1.00
C	0.002884	0.0510	0.98
G	0.000811	-0.0007	1.00
A	0.001761	-0.0061	1.00
C	0.001649	0.0066	1.00
A	0.002607	0.0091	1.00
C	0.001153	-0.0137	0.99
G	0.000626	-0.0050	0.99
G	0.001957	0.0121	0.99
C	0.000884	-0.0024	1.00
C	0.000474	-0.0039	0.99
A	0.002865	0.0247	0.99
C	0.002108	0.0027	1.00
C	0.003091	0.1938	0.87
T	0.002682	0.0510	0.98
A	0.004079	0.0963	0.96
T	0.002008	0.0040	1.00
T	0.002995	0.0445	0.98
T	0.003469	0.0531	0.98
C	0.002455	0.0514	0.97
T	0.001497	-0.0110	1.00
G	0.002671	0.0217	0.99
T	0.001560	-0.0057	1.00
G	0.001586	-0.0135	0.99
C	0.001384	-0.0189	0.99
G	0.001126	-0.0066	1.00
A	0.002347	0.0234	0.99
G	0.001668	-0.0058	1.00
G	0.001734	-0.0135	1.00
G	0.003582	0.1788	0.89
C	0.003813	0.1269	0.93
T	0.001696	-0.0181	0.99
G	0.001308	0.0051	1.00
A	0.001840	0.0017	1.00
G	0.000662	-0.0055	0.99
G	0.002008	-0.0171	1.00
C	0.001091	-0.0047	1.00
A	0.002009	-0.0197	1.00
G	0.002193	0.0762	0.94
C	0.003931	0.2056	0.89
A	0.003463	-0.0014	1.00
T	0.001605	-0.0024	1.00
C	0.001827	0.0053	1.00
C	0.001177	-0.0002	1.00
G	0.000779	-0.0016	0.99
A	0.002316	0.0185	0.99
C	0.000796	-0.0068	0.99
A	0.002351	0.0092	1.00
G	0.001885	0.0193	0.99
T	0.001575	0.0116	0.99
C	0.000990	0.0059	1.00
A	0.002660	0.0115	1.00
T	0.002817	0.0149	0.99
T	0.001418	-0.0027	1.00
C	0.002394	0.0254	0.99
T	0.001145	-0.0019	1.00
C	0.000639	-0.0050	0.99
G	0.000808	-0.0049	0.99
A	0.001865	0.0016	1.00
C	0.001275	0.0012	1.00
C	0.001573	0.0029	1.00
C	0.000674	-0.0020	0.99
A	0.003137	0.0292	0.99
T	0.001629	-0.0044	1.00
C	0.001632	-0.0070	1.00
A	0.002672	0.0122	0.99
T	0.002570	0.0175	0.99
G	0.003414	0.0622	0.98
T	0.002458	0.0100	1.00
T	0.001460	0.0004	1.00
C	0.001908	0.0003	1.00
G	0.000752	-0.0034	0.99
A	0.001882	0.0007	1.00
C	0.001244	0.0026	0.99
C	0.001726	0.0012	1.00
A	0.000769	-0.0040	1.00
C	0.000804	-0.0027	0.99
T	0.002756	0.0157	1.00
G	0.000346	-0.0029	0.99
G	0.000307	-0.0044	0.97
G	0.000363	-0.0045	0.97
G	0.000815	-0.0032	0.99
C	0.000652	-0.0030	0.99
C	0.000464	-0.0007	0.99
A	0.001754	-0.0003	1.00
G	0.000650	-0.0099	0.98
G	0.001616	0.0039	1.00
G	0.002443	-0.0036	1.00
C	0.001972	-0.0130	1.00
T	0.003307	0.0268	0.99
C	0.003789	0.0765	0.97
C	0.001878	-0.0126	1.00
C	0.001112	-0.0089	0.99
T	0.002575	0.0184	0.99
G	0.001397	-0.0074	1.00
G	0.001138	0.0034	0.99
T	0.001386	-0.0011	1.00
C	0.000761	-0.0065	0.99
A	0.002560	0.0075	1.00
C	0.001443	-0.0016	1.00
C	0.000938	-0.0080	0.99
G	0.001076	-0.0043	1.00
T	0.001488	0.0002	1.00
C	0.000881	-0.0025	0.99
T	0.001883	0.0066	1.00
C	0.001029	-0.0002	1.00
C	0.001621	0.0102	0.99
T	0.001472	-0.0041	1.00
C	0.001513	-0.0103	1.00
A	0.002621	0.0164	0.99
