A	0.002077	0.0028	1.00
G	0.002578	0.0175	0.99
G	0.001923	-0.0092	1.00
A	0.001609	-0.0166	0.99
T	0.001528	-0.0046	1.00
C	0.001744	0.0010	1.00
A	0.002535	0.0076	1.00
C	0.001548	0.0076	1.00
G	0.001967	0.0184	0.99
T	0.002165	-0.0007	1.00
T	0.001132	-0.0105	0.99
A	0.001077	-0.0065	1.00
A	0.001616	0.0015	1.00
A	0.001501	-0.0095	1.00
G	0.001222	-0.0012	0.99
G	0.000715	-0.0097	0.98
A	0.002284	0.0152	0.99
A	0.001331	0.0039	1.00
T	0.001367	-0.0055	1.00
C	0.000953	-0.0047	1.00
G	0.001629	-0.0021	1.00
G	0.001283	-0.0050	1.00
G	0.001168	0.0033	1.00
T	0.001603	-0.0064	1.00
C	0.000814	-0.0061	1.00
C	0.002506	0.1132	0.90
T	0.002962	0.0345	0.99
C	0.003387	0.0496	0.98
C	0.002521	0.0580	0.97
G	0.003766	0.1382	0.93
C	0.002346	0.0529	0.97
T	0.001551	-0.0111	1.00
G	0.001594	-0.0110	1.00
G	0.002368	0.0206	0.99
T	0.002283	0.0153	0.99
G	0.001353	-0.0101	1.00
A	0.001641	-0.0001	1.00
A	0.003211	0.0426	0.98
A	0.003090	0.0214	0.99
C	0.003336	0.0771	0.96
C	0.001844	-0.0004	1.00
C	0.000982	-0.0117	0.99
A	0.002349	0.0210	0.99
C	0.001402	0.0030	1.00
A	0.001634	-0.0101	1.00
C	0.001378	0.0019	1.00
A	0.001812	0.0074	1.00
G	0.000529	-0.0072	0.97
A	0.001979	0.0095	1.00
C	0.001183	0.0036	0.99
T	0.001227	-0.0042	1.00
C	0.001306	0.0039	1.00
T	0.001364	-0.0028	1.00
C	0.000749	-0.0059	0.99
A	0.001957	0.0013	1.00
C	0.001401	0.0119	0.99
G	0.004055	0.1466	0.93
C	0.002375	0.0544	0.96
T	0.001284	-0.0132	0.99
G	0.000537	-0.0063	0.99
A	0.001938	0.0039	1.00
C	0.000977	0.0018	1.00
C	0.002232	0.0310	0.98
T	0.001698	-0.0199	0.99
G	0.003026	0.0308	0.99
T	0.001377	-0.0132	0.99
T	0.002529	0.0015	1.00
C	0.001520	0.0071	1.00
C	0.002011	0.0175	0.99
T	0.002172	0.0002	1.00
T	0.001322	-0.0005	1.00
C	0.002438	0.0247	0.99
T	0.001217	-0.0042	1.00
C	0.001300	-0.0021	1.00
T	0.001591	-0.0023	1.00
G	0.000903	-0.0085	0.99
G	0.002307	0.0007	1.00
G	0.003884	0.1085	0.95
T	0.002682	0.0192	0.99
T	0.001421	0.0014	1.00
C	0.002355	0.0249	0.99
T	0.001369	0.0009	1.00
C	0.000590	-0.0103	0.97
A	0.002480	0.0193	0.99
C	0.001238	-0.0014	1.00
T	0.001356	0.0019	1.00
G	0.001046	0.0021	1.00
T	0.002168	0.0233	0.99
C	0.002370	0.0722	0.96
C	0.003679	0.1724	0.90
G	0.002913	0.0445	0.98
A	0.002472	0.0024	0.99
T	0.002608	0.0191	0.99
T	0.003200	0.0398	0.99
T	0.002351	0.0124	0.99
T	0.001931	0.0076	1.00
G	0.001402	0.0035	1.00
G	0.001460	-0.0017	1.00
A	0.002171	0.0159	0.99
G	0.002883	0.0398	0.98
T	0.001837	0.0085	1.00
G	0.000979	-0.0029	1.00
G	0.002010	0.0040	1.00
G	0.002571	0.0075	1.00
T	0.002107	-0.0059	1.00
G	0.002366	0.0116	1.00
T	0.001813	0.0025	1.00
A	0.001010	-0.0027	1.00
G	0.000645	-0.0033	0.99
G	0.003722	0.0478	0.98
C	0.000757	-0.0038	1.00
T	0.001372	-0.0089	0.99
G	0.000925	-0.0114	0.99
G	0.001501	0.0020	1.00
A	0.002080	-0.0016	1.00
T	0.001962	0.0016	1.00
C	0.001859	0.0051	1.00
C	0.001583	0.0026	1.00
G	0.000950	-0.0010	0.99
T	0.001542	0.0026	1.00
C	0.000425	-0.0052	0.98
A	0.002320	0.0246	0.99
G	0.001129	-0.0057	1.00
C	0.004479	0.1889	0.91
C	0.000814	-0.0113	0.99
C	0.000788	-0.0107	0.99
C	0.000617	-0.0011	1.00
C	0.000577	0.0004	0.99
A	0.001760	0.0013	1.00
G	0.001428	0.0057	1.00
G	0.001447	0.0052	1.00
A	0.002156	0.0170	0.99
A	0.002484	0.0113	1.00
A	0.002219	0.0057	1.00
G	0.000444	-0.0022	0.99
G	0.000787	-0.0032	0.99
C	0.000740	-0.0061	0.99
C	0.000396	-0.0021	0.99
C	0.000676	0.0001	0.99
T	0.002653	0.0167	0.99
A	0.001292	-0.0007	1.00
G	0.001487	-0.0053	1.00
A	0.002169	0.0163	0.99
G	0.002774	0.0451	0.98
T	0.001896	0.0071	1.00
G	0.000530	-0.0048	0.99
G	0.002409	0.0107	1.00
C	0.000822	0.0021	1.00
T	0.001999	-0.0022	1.00
T	0.002271	-0.0001	1.00
G	0.003030	0.1297	0.91
C	0.002326	0.0182	0.99
A	0.002824	0.0472	0.98
A	0.001650	-0.0072	1.00
T	0.001362	0.0021	1.00
C	0.000982	0.0006	1.00
A	0.002600	0.0140	0.99
T	0.002756	0.0180	0.99
T	0.001853	0.0018	1.00
T	0.002696	0.0594	0.97
A	0.003906	0.1115	0.95
T	0.002172	0.0030	1.00
T	0.001595	0.0013	1.00
C	0.000445	-0.0075	0.97
G	0.000972	-0.0072	0.99
G	0.003420	0.0937	0.96
A	0.003136	0.0460	0.98
T	0.002197	0.0154	0.99
G	0.002817	0.0554	0.97
A	0.002386	-0.0110	1.00
T	0.002346	0.0147	0.99
G	0.002854	0.0570	0.97
A	0.002358	0.0042	1.00
T	0.002805	0.0088	1.00
A	0.002936	0.0087	0.99
A	0.003079	0.0231	0.99
G	0.002304	0.0371	0.98
C	0.002540	0.0113	0.99
G	0.002454	-0.0122	1.00
C	0.002405	0.0456	0.97
T	0.002769	0.0206	0.99
A	0.003532	0.0370	0.99
C	0.001929	0.0250	0.99
A	0.002220	0.0050	1.00
G	0.001142	-0.0057	1.00
C	0.004515	0.1902	0.91
C	0.000793	-0.0077	0.99
C	0.000821	-0.0054	0.99
A	0.003117	0.0253	0.99
T	0.001736	0.0029	1.00
C	0.002090	0.0164	0.99
G	0.001187	-0.0033	1.00
C	0.001258	-0.0010	1.00
T	0.001513	-0.0033	1.00
G	0.001589	0.0063	1.00
A	0.001773	-0.0030	1.00
A	0.003020	0.0511	0.98
C	0.001125	-0.0056	1.00
A	0.001595	-0.0099	1.00
C	0.002749	0.0051	0.99
C	0.004440	0.1892	0.90
A	0.002042	-0.0130	1.00
G	0.000638	-0.0080	0.98
A	0.004450	0.1305	0.95
C	0.001013	-0.0031	0.99
T	0.001247	-0.0060	1.00
C	0.000752	-0.0070	0.99
A	0.002550	0.0049	1.00
C	0.001348	0.0036	0.99
C	0.001098	-0.0035	1.00
A	0.003175	0.0252	0.99
T	0.001623	-0.0036	1.00
C	0.001587	0.0042	1.00
A	0.002539	0.0074	1.00
C	0.001504	0.0003	1.00
C	0.001443	0.0031	1.00
A	0.002107	-0.0003	1.00
A	0.004125	0.1103	0.95
G	0.001633	-0.0085	1.00
G	0.000837	-0.0012	1.00
A	0.001705	-0.0045	1.00
C	0.001497	0.0118	0.99
A	0.002975	0.0351	0.99
C	0.001613	0.0067	1.00
C	0.001743	0.0149	0.99
T	0.001557	0.0003	1.00
C	0.000939	-0.0070	0.99
C	0.001466	0.0064	0.99
A	0.001990	0.0037	1.00
A	0.003367	0.0457	0.98
A	0.002987	0.0685	0.97
A	0.003055	0.0259	0.99
A	0.003121	0.0228	0.99
T	0.003358	0.0946	0.95
C	0.001501	-0.0090	1.00
A	0.001825	-0.0002	1.00
A	0.001919	0.0083	1.00
G	0.002432	0.0247	0.99
T	0.002246	0.0088	1.00
T	0.001771	0.0065	1.00
G	0.001124	0.0036	1.00
T	0.001538	-0.0055	1.00
C	0.000810	-0.0062	0.99
C	0.001890	0.0248	0.98
T	0.002260	0.0230	0.99
T	0.003260	0.1004	0.96
G	0.002924	0.0701	0.97
T	0.002471	0.0440	0.97
C	0.002467	0.0305	0.99
A	0.003733	0.0729	0.97
T	0.001705	-0.0005	1.00
G	0.000885	-0.0079	0.99
A	0.001992	0.0033	1.00
C	0.001647	0.0134	0.99
T	0.001583	0.0001	1.00
A	0.002126	-0.0042	1.00
G	0.003484	0.0734	0.97
G	0.002965	0.0244	0.99
G	0.002903	0.0211	0.99
T	0.002800	0.0186	0.99
G	0.001776	0.0238	0.98
A	0.000759	-0.0049	0.99
G	0.001946	0.0003	1.00
T	0.001270	0.0009	1.00
C	0.001246	-0.0044	1.00
C	0.000879	-0.0034	1.00
T	0.001928	0.0025	1.00
G	0.002562	0.0251	0.99
T	0.001898	0.0020	1.00
G	0.001649	0.0058	1.00
G	0.000755	-0.0054	0.99
A	0.001576	-0.0022	1.00
C	0.001525	0.0107	0.99
A	0.001630	-0.0101	0.99
C	0.001858	0.0122	0.99
A	0.002175	0.0075	1.00
G	0.001141	-0.0084	0.99
C	0.003607	0.0546	0.98
C	0.000925	-0.0094	0.99
A	0.002216	0.0216	0.99
C	0.001280	-0.0022	1.00
G	0.002320	0.0131	1.00
T	0.002947	0.0440	0.98
A	0.003959	0.0973	0.96
T	0.001968	0.0061	1.00
T	0.002984	0.0431	0.98
T	0.003431	0.0529	0.98
C	0.002433	0.0514	0.97
T	0.001478	-0.0109	1.00
G	0.002679	0.0215	0.99
T	0.001641	-0.0072	1.00
G	0.002161	-0.0105	1.00
C	0.002397	0.0167	0.99
A	0.002078	-0.0007	1.00
C	0.001645	-0.0026	1.00
A	0.001679	-0.0110	0.99
C	0.001821	0.0118	0.99
C	0.001520	0.0000	1.00
G	0.000472	-0.0057	0.98
A	0.001954	0.0050	1.00
C	0.000628	-0.0028	0.99
G	0.000624	-0.0020	0.99
G	0.000521	-0.0023	0.99
G	0.000664	-0.0036	0.99
G	0.000354	-0.0040	0.98
G	0.000757	-0.0030	1.00
C	0.000628	-0.0025	1.00
C	0.000439	-0.0033	0.99
A	0.002046	-0.0050	1.00
A	0.002818	-0.0116	1.00
C	0.003733	0.0902	0.96
C	0.001936	-0.0070	1.00
A	0.002240	0.0201	0.99
C	0.001507	0.0006	1.00
A	0.001951	-0.0087	1.00
C	0.001408	-0.0036	1.00
T	0.001431	0.0045	1.00
C	0.000987	-0.0025	1.00
T	0.002156	0.0094	1.00
T	0.002006	0.0063	1.00
T	0.001745	0.0043	1.00
G	0.000873	-0.0078	0.99
G	0.001510	-0.0039	1.00
A	0.002223	0.0161	0.99
G	0.002911	0.0425	0.98
T	0.001602	-0.0079	1.00
G	0.001136	0.0003	1.00
C	0.002625	0.0177	0.99
C	0.000928	0.0012	0.99
T	0.002676	0.0338	0.99
A	0.003891	0.0865	0.97
T	0.002439	0.0652	0.96
T	0.001918	0.0051	1.00
G	0.003296	0.0298	0.99
C	0.002681	0.0197	0.99
C	0.001603	-0.0029	1.00
C	0.003041	0.0612	0.97
G	0.000425	-0.0091	0.96
G	0.000743	-0.0074	0.99
G	0.002843	0.0328	0.99
G	0.001028	-0.0061	1.00
A	0.001949	0.0016	1.00
C	0.001665	0.0147	0.99
C	0.001616	0.0067	0.99
A	0.002061	-0.0014	1.00
G	0.002242	0.0151	0.99
T	0.001494	-0.0003	1.00
G	0.001318	-0.0074	1.00
A	0.001891	0.0072	1.00
A	0.003145	0.0320	0.99
C	0.003126	0.0626	0.97
G	0.002374	-0.0018	0.99
C	0.003274	0.1713	0.88
T	0.003113	0.0686	0.97
A	0.003914	0.0813	0.97
T	0.002547	0.0665	0.96
G	0.001568	0.0237	0.98
G	0.000711	-0.0026	0.99
A	0.002424	0.0203	0.99
C	0.000962	0.0027	1.00
G	0.001444	0.0033	1.00
T	0.001487	-0.0004	1.00
C	0.000880	-0.0038	0.99
T	0.001603	-0.0014	1.00
G	0.000353	-0.0038	0.98
G	0.000295	-0.0045	0.95
G	0.001654	-0.0159	1.00
G	0.000714	-0.0105	0.99
G	0.004103	0.4197	0.73
C	0.000708	-0.0037	1.00
A	0.002080	0.0070	1.00
A	0.004148	0.1092	0.95
G	0.000601	-0.0066	0.99
G	0.001907	0.0065	1.00
G	0.001062	-0.0069	0.99
A	0.001970	0.0008	1.00
T	0.001693	0.0132	0.99
C	0.001475	-0.0024	1.00
A	0.002418	0.0082	1.00
C	0.001008	-0.0117	0.99
G	0.001378	-0.0066	1.00
G	0.000977	-0.0059	1.00
T	0.001347	0.0010	1.00
C	0.000715	-0.0045	0.99
A	0.002501	0.0093	1.00
C	0.001427	-0.0013	1.00
C	0.000918	-0.0079	0.99
A	0.001053	-0.0037	1.00
T	0.001479	-0.0004	1.00
C	0.000856	-0.0013	1.00
T	0.001866	0.0076	1.00
C	0.001023	-0.0008	1.00
C	0.001573	0.0110	0.99
T	0.001436	-0.0029	1.00
C	0.001456	-0.0079	1.00
A	0.002606	0.0156	1.00
