C	0.002178	-0.0010	1.00
A	0.002684	0.0164	0.99
G	0.002030	0.0049	1.00
G	0.003690	0.0554	0.98
G	0.002699	0.0198	0.99
T	0.001519	-0.0086	0.99
C	0.002129	-0.0014	1.00
A	0.002517	0.0185	0.99
A	0.003334	0.0821	0.96
C	0.003743	0.1310	0.93
T	0.001746	-0.0161	0.99
A	0.001699	-0.0113	1.00
G	0.002610	0.0168	0.99
T	0.002268	-0.0043	1.00
C	0.002305	-0.0125	1.00
C	0.001935	-0.0268	0.99
A	0.003065	0.0332	0.99
G	0.001784	0.0202	0.99
T	0.001442	-0.0064	1.00
C	0.001063	-0.0065	1.00
T	0.001670	-0.0029	1.00
G	0.001151	-0.0039	1.00
G	0.001465	-0.0036	1.00
A	0.001985	-0.0061	1.00
G	0.003635	0.1751	0.89
C	0.003728	0.1284	0.93
T	0.001717	-0.0185	0.99
G	0.001354	0.0038	1.00
A	0.001950	-0.0002	1.00
A	0.002558	0.0208	0.99
T	0.002329	0.0274	0.98
T	0.002269	0.0154	0.99
G	0.001490	-0.0105	1.00
A	0.001795	-0.0026	1.00
A	0.003129	0.0488	0.98
A	0.001366	-0.0066	1.00
A	0.001786	-0.0049	1.00
A	0.003135	0.0290	0.99
G	0.000894	-0.0078	0.99
C	0.002873	0.0139	0.99
C	0.000699	-0.0008	0.99
T	0.002557	0.0203	0.99
G	0.000605	-0.0005	0.99
G	0.000581	-0.0029	0.99
C	0.000367	-0.0042	0.98
G	0.000791	-0.0039	0.99
C	0.000593	-0.0030	0.99
C	0.000507	-0.0023	0.99
T	0.001382	-0.0014	1.00
C	0.000537	-0.0035	0.99
G	0.002425	0.0066	1.00
G	0.002311	0.0127	1.00
T	0.001551	-0.0004	1.00
G	0.001260	-0.0083	0.99
A	0.001734	-0.0018	1.00
A	0.001795	-0.0146	1.00
G	0.002075	0.0233	0.99
A	0.000672	-0.0104	0.98
T	0.002149	0.0149	1.00
T	0.000874	-0.0016	0.99
T	0.001899	0.0056	1.00
C	0.001028	0.0003	1.00
C	0.001645	-0.0045	1.00
T	0.001733	-0.0202	0.99
G	0.002932	0.0315	0.99
T	0.001765	0.0151	1.00
A	0.002289	-0.0040	1.00
A	0.003422	0.1100	0.95
G	0.000641	-0.0061	0.99
A	0.003692	0.1351	0.93
C	0.000880	0.0022	0.99
T	0.002702	0.0336	0.99
T	0.001518	-0.0067	1.00
C	0.002742	0.0521	0.97
G	0.001739	-0.0044	1.00
G	0.001730	-0.0108	1.00
G	0.003034	0.0331	0.99
T	0.002320	0.0055	1.00
T	0.003082	0.0419	0.98
A	0.003276	0.0693	0.97
T	0.001737	-0.0077	1.00
A	0.003023	0.0326	0.99
G	0.001575	0.0051	1.00
G	0.001821	0.0204	0.99
T	0.002907	0.0545	0.98
T	0.002046	0.0049	1.00
T	0.003169	0.0691	0.96
A	0.003418	0.0520	0.98
A	0.002837	0.0608	0.97
T	0.001772	0.0069	1.00
T	0.002235	0.0025	1.00
T	0.003135	0.0842	0.96
C	0.003574	0.1378	0.92
T	0.002666	0.0175	0.99
A	0.004237	0.0883	0.96
T	0.001913	0.0187	0.99
C	0.002133	0.0057	0.99
A	0.003126	0.1415	0.91
T	0.002991	0.0682	0.97
A	0.004130	0.1374	0.94
T	0.001576	-0.0007	1.00
T	0.001761	0.0127	0.99
A	0.002487	0.0192	0.99
A	0.003348	0.0816	0.96
T	0.003727	0.1352	0.92
T	0.001689	-0.0141	1.00
G	0.000506	-0.0076	0.97
G	0.001048	-0.0111	0.99
A	0.002404	0.0073	1.00
T	0.002150	-0.0021	1.00
T	0.001551	-0.0132	0.99
C	0.001108	-0.0208	0.98
G	0.000664	-0.0036	0.99
A	0.002458	0.0156	0.99
C	0.000447	-0.0045	0.98
A	0.001428	-0.0054	1.00
A	0.000395	-0.0020	0.99
A	0.000792	-0.0029	0.99
C	0.000729	-0.0059	0.99
T	0.000443	-0.0038	0.99
G	0.000666	-0.0016	0.99
C	0.000706	0.0011	1.00
A	0.002818	0.0144	1.00
G	0.001176	-0.0053	1.00
G	0.000724	-0.0048	0.99
A	0.001655	-0.0052	1.00
C	0.000902	-0.0110	0.99
G	0.002140	0.0011	1.00
T	0.004479	0.1071	0.96
G	0.000775	-0.0108	0.98
G	0.000734	-0.0045	0.99
A	0.003559	0.0504	0.98
C	0.000952	0.0003	1.00
C	0.002130	-0.0038	1.00
T	0.001384	-0.0124	0.99
G	0.001336	0.0077	0.99
A	0.002041	0.0013	1.00
G	0.002854	0.0445	0.98
T	0.001959	0.0079	1.00
G	0.001182	-0.0061	1.00
G	0.001622	0.0007	1.00
A	0.003185	0.0498	0.98
T	0.002551	0.0154	0.99
G	0.001012	-0.0140	0.99
G	0.001768	0.0037	1.00
G	0.003345	0.0984	0.94
A	0.003249	0.0489	0.98
T	0.002680	0.0157	1.00
G	0.001520	-0.0065	1.00
G	0.001967	-0.0085	1.00
A	0.002246	-0.0067	1.00
T	0.001640	-0.0066	1.00
C	0.002039	0.0091	1.00
A	0.002721	0.0165	0.99
G	0.002171	0.0035	1.00
C	0.002569	0.0048	0.99
C	0.002345	-0.0159	1.00
C	0.002010	-0.0140	1.00
T	0.001936	-0.0017	1.00
T	0.003544	0.1024	0.95
A	0.003113	0.0696	0.97
C	0.002051	0.0028	0.99
A	0.002522	0.0270	0.99
G	0.003781	0.0723	0.97
T	0.002403	0.0450	0.98
G	0.002283	0.0060	0.99
G	0.003432	0.1525	0.90
T	0.002985	0.0652	0.97
G	0.003343	0.0459	0.98
A	0.002849	0.0152	0.99
C	0.002814	0.0379	0.98
A	0.001990	-0.0162	1.00
A	0.001799	-0.0096	1.00
A	0.001958	-0.0068	1.00
A	0.003573	0.0496	0.98
A	0.002762	-0.0031	1.00
C	0.003097	0.0640	0.96
C	0.002365	0.0136	0.99
T	0.004333	0.0877	0.96
C	0.002037	-0.0079	1.00
G	0.003337	0.1330	0.92
C	0.002257	0.0185	0.99
A	0.002120	-0.0020	1.00
C	0.001498	0.0002	1.00
C	0.001931	0.0023	1.00
T	0.001328	-0.0050	1.00
G	0.001603	-0.0041	1.00
C	0.003117	0.0318	0.99
C	0.003691	0.0727	0.97
T	0.003181	0.0490	0.98
T	0.001428	-0.0056	1.00
T	0.001183	-0.0115	0.99
C	0.000636	-0.0108	0.97
A	0.001873	-0.0028	1.00
A	0.001612	-0.0191	1.00
G	0.000631	-0.0027	0.99
A	0.004315	0.4218	0.74
C	0.000696	0.0017	0.99
A	0.001601	-0.0034	1.00
G	0.001261	0.0043	1.00
A	0.001553	-0.0034	1.00
G	0.001407	0.0024	1.00
T	0.001667	0.0094	0.99
C	0.000877	-0.0075	0.99
A	0.002618	0.0056	1.00
T	0.001447	0.0007	1.00
T	0.001231	-0.0063	1.00
A	0.002668	0.0158	1.00
T	0.002823	0.0378	0.99
G	0.000890	-0.0078	0.99
A	0.002043	0.0018	1.00
C	0.001660	0.0139	0.99
G	0.001539	-0.0041	1.00
A	0.002426	0.0184	0.99
C	0.001827	0.0121	0.99
A	0.001942	0.0030	1.00
G	0.000583	-0.0085	0.98
A	0.001992	0.0111	0.99
C	0.001763	0.0040	1.00
A	0.001724	-0.0118	1.00
C	0.001410	-0.0056	1.00
A	0.002413	-0.0044	1.00
G	0.000000	0.0000	nan
A	0.000000	0.0000	nan
A	0.000000	0.0000	nan
G	0.000000	0.0000	nan
T	0.000000	0.0000	nan
C	0.000000	0.0000	nan
C	0.000000	0.0000	nan
C	0.000000	0.0000	nan
T	0.000000	0.0000	nan
G	0.000000	0.0000	nan
T	0.000000	0.0000	nan
G	0.000000	0.0000	nan
A	0.000000	0.0000	nan
C	0.000000	0.0000	nan
C	0.000000	0.0000	nan
T	0.000000	0.0000	nan
C	0.000000	0.0000	nan
A	0.000000	0.0000	nan
T	0.000000	0.0000	nan
T	0.000000	0.0000	nan
C	0.000000	0.0000	nan
A	0.000000	0.0000	nan
C	0.000000	0.0000	nan
G	0.000000	0.0000	nan
T	0.001750	-0.0062	1.00
C	0.001815	-0.0082	1.00
C	0.001880	0.0253	0.98
A	0.002579	0.0056	1.00
C	0.001646	0.0025	1.00
G	0.001527	-0.0017	1.00
G	0.002227	-0.0026	1.00
G	0.002821	0.0082	0.99
C	0.004299	0.1768	0.91
G	0.002584	-0.0091	1.00
C	0.002446	-0.0004	1.00
A	0.002291	0.0048	1.00
G	0.001190	-0.0093	1.00
C	0.003191	0.0076	0.99
C	0.000996	-0.0016	1.00
T	0.002868	0.0330	0.99
A	0.003561	0.0369	0.99
C	0.001814	0.0111	0.99
A	0.002927	0.0231	0.99
T	0.002885	0.0174	0.99
G	0.001850	0.0222	0.99
G	0.001429	-0.0049	1.00
A	0.001982	-0.0061	1.00
A	0.003608	0.1772	0.89
A	0.003689	0.1313	0.93
T	0.001614	-0.0166	1.00
A	0.001538	0.0048	1.00
A	0.001894	0.0018	1.00
G	0.002801	0.0531	0.97
G	0.000923	-0.0119	0.99
A	0.001790	0.0000	1.00
A	0.001789	0.0159	0.99
C	0.002851	0.0087	1.00
C	0.000920	-0.0067	1.00
T	0.001447	-0.0059	1.00
G	0.001522	0.0048	1.00
A	0.001610	-0.0039	1.00
A	0.002914	0.0419	0.98
A	0.002100	-0.0230	0.99
T	0.002263	-0.0159	1.00
T	0.003226	0.0634	0.97
T	0.001504	-0.0033	1.00
G	0.000510	-0.0055	0.99
A	0.001762	0.0026	1.00
C	0.000619	-0.0067	0.99
G	0.000901	-0.0075	0.99
A	0.002376	0.0167	0.99
C	0.001744	0.0057	1.00
A	0.002697	0.0078	1.00
C	0.001231	-0.0168	0.99
A	0.000635	-0.0045	0.99
G	0.001954	0.0145	0.99
G	0.000915	-0.0030	1.00
C	0.000480	-0.0041	0.99
A	0.002890	0.0264	0.98
C	0.002156	0.0035	1.00
C	0.003110	0.1935	0.86
T	0.002721	0.0504	0.98
A	0.004135	0.0954	0.96
T	0.002031	0.0053	1.00
T	0.003057	0.0412	0.98
T	0.003528	0.0521	0.98
C	0.002519	0.0473	0.97
T	0.001518	-0.0109	1.00
G	0.002668	0.0239	0.99
T	0.001612	-0.0065	1.00
G	0.001613	-0.0139	0.99
C	0.001435	-0.0204	0.99
A	0.001158	-0.0080	1.00
A	0.002387	0.0223	0.99
A	0.001611	-0.0059	1.00
A	0.001989	0.0036	1.00
G	0.002961	0.0418	0.98
G	0.002068	-0.0227	0.99
C	0.001857	-0.0132	1.00
C	0.002234	0.0129	0.99
T	0.001910	0.0060	1.00
C	0.001223	-0.0043	1.00
C	0.001639	-0.0034	1.00
T	0.001669	-0.0181	0.99
G	0.002510	0.0270	0.99
C	0.003075	0.0504	0.98
G	0.002446	0.0052	1.00
T	0.001799	0.0010	1.00
G	0.000940	0.0021	1.00
A	0.001890	-0.0003	1.00
C	0.000856	-0.0076	0.99
G	0.002520	-0.0193	1.00
G	0.003744	0.0705	0.97
T	0.002783	0.0192	0.99
T	0.001548	-0.0015	1.00
C	0.002837	0.0433	0.98
G	0.000969	-0.0002	1.00
T	0.001629	0.0018	1.00
C	0.000522	-0.0060	0.98
G	0.000782	-0.0034	0.99
A	0.001733	-0.0035	1.00
C	0.001006	0.0010	1.00
G	0.002524	0.0228	0.99
T	0.002370	0.0124	1.00
G	0.000569	-0.0054	0.99
G	0.002331	0.0128	1.00
C	0.000789	0.0034	0.99
T	0.002756	0.0366	0.99
T	0.001775	-0.0095	1.00
C	0.002821	0.0568	0.97
C	0.002222	0.0198	0.99
T	0.002435	0.0220	0.99
T	0.002792	0.0420	0.98
A	0.003997	0.1110	0.95
T	0.002118	0.0210	0.99
T	0.002256	0.0139	1.00
T	0.001331	-0.0036	1.00
G	0.002856	0.0503	0.97
T	0.001703	-0.0029	1.00
G	0.000333	-0.0024	0.99
G	0.000244	-0.0027	0.98
G	0.000374	-0.0050	0.98
G	0.000840	-0.0044	0.99
C	0.000660	-0.0031	1.00
C	0.000481	-0.0011	0.99
A	0.001860	-0.0024	1.00
G	0.001472	-0.0157	1.00
G	0.000799	-0.0054	0.99
G	0.003595	0.3945	0.72
T	0.001366	0.0776	0.91
A	0.002785	0.0040	1.00
C	0.001638	-0.0126	1.00
C	0.001332	-0.0069	1.00
C	0.000835	-0.0018	1.00
T	0.002671	0.0175	0.99
A	0.001420	-0.0090	0.99
C	0.001184	0.0013	1.00
T	0.001440	-0.0032	1.00
C	0.000781	-0.0062	0.99
A	0.002635	0.0048	1.00
C	0.001474	-0.0018	1.00
C	0.000970	-0.0088	0.99
G	0.001086	-0.0039	1.00
T	0.001542	-0.0023	1.00
C	0.000908	-0.0031	0.99
T	0.001924	0.0056	1.00
C	0.001074	-0.0025	1.00
G	0.001663	0.0084	1.00
T	0.001496	-0.0043	1.00
C	0.001538	-0.0095	1.00
A	0.002686	0.0150	0.99
