0.002245	0.0037	1.00
0.002775	0.0194	0.99
0.002110	0.0090	1.00
0.002625	0.0273	0.99
0.002348	-0.0004	1.00
0.002441	-0.0110	1.00
0.002110	-0.0206	1.00
0.002381	-0.0228	1.00
0.003267	0.0926	0.95
0.004008	0.1476	0.92
0.001878	-0.0161	1.00
0.001801	-0.0106	1.00
0.002710	0.0218	0.99
0.002356	-0.0019	1.00
0.002381	-0.0092	1.00
0.002080	-0.0279	0.99
0.003181	0.0390	0.99
0.001783	0.0257	0.98
0.001496	-0.0043	1.00
0.001046	-0.0044	1.00
0.001712	0.0014	1.00
0.000674	-0.0015	1.00
0.000956	-0.0107	0.99
0.000573	-0.0085	0.98
0.003971	0.0531	0.98
0.000792	-0.0029	0.99
0.001155	-0.0109	0.99
0.001469	0.0045	1.00
0.001987	0.0031	1.00
0.002647	0.0233	0.99
0.002410	0.0312	0.99
0.002359	0.0187	0.99
0.001557	-0.0095	1.00
0.001912	-0.0025	1.00
0.003169	0.0564	0.97
0.001433	-0.0061	1.00
0.001882	-0.0043	1.00
0.003172	0.0401	0.99
0.000913	-0.0059	1.00
0.002980	0.0180	0.99
0.000742	-0.0003	1.00
0.002669	0.0241	0.99
0.000629	0.0002	1.00
0.000631	-0.0037	0.99
0.000380	-0.0038	0.99
0.000838	-0.0039	0.99
0.000614	-0.0019	0.99
0.000539	-0.0024	0.99
0.001472	-0.0020	1.00
0.000577	-0.0035	0.99
0.002516	0.0104	1.00
0.002395	0.0183	0.99
0.001651	-0.0001	1.00
0.001326	-0.0069	1.00
0.001797	0.0010	1.00
0.001903	-0.0156	1.00
0.002085	0.0296	0.98
0.000728	-0.0115	0.98
0.002244	0.0185	0.99
0.000919	-0.0019	1.00
0.001983	0.0079	1.00
0.001106	-0.0000	1.00
0.001733	-0.0014	1.00
0.001859	-0.0196	0.99
0.003040	0.0368	0.98
0.001833	0.0187	0.99
0.002381	-0.0013	1.00
0.003428	0.1230	0.94
0.000716	-0.0080	0.99
0.003688	0.1453	0.92
0.000924	0.0016	1.00
0.002782	0.0391	0.99
0.001567	-0.0028	1.00
0.002779	0.0601	0.96
0.001760	-0.0007	1.00
0.001388	-0.0049	1.00
0.002481	0.0487	0.97
0.002483	-0.0058	1.00
0.003632	0.1296	0.94
0.003177	0.0760	0.97
0.001946	-0.0050	1.00
0.003040	0.0424	0.99
0.001712	0.0068	1.00
0.002018	0.0231	0.99
0.002339	-0.0001	1.00
0.001499	0.0010	1.00
0.001964	0.0020	1.00
0.002718	0.0098	1.00
0.001629	-0.0012	1.00
0.001034	-0.0071	0.99
0.000785	-0.0079	0.98
0.003798	0.0825	0.97
0.001303	0.0124	0.99
0.002764	0.0275	0.98
0.003763	0.0645	0.98
0.002522	0.0497	0.97
0.002441	0.0186	0.99
0.004269	0.1317	0.94
0.002314	0.0120	1.00
0.004101	0.1725	0.93
0.002340	0.0040	1.00
0.002999	0.1407	0.91
0.002490	0.0194	0.99
0.002993	0.0513	0.98
0.002330	0.0182	0.99
0.001715	-0.0100	1.00
0.000543	-0.0077	0.98
0.001091	-0.0106	0.99
0.002517	0.0101	1.00
0.002227	0.0022	1.00
0.001632	-0.0122	1.00
0.001195	-0.0209	0.98
0.000702	-0.0033	0.99
0.002561	0.0195	0.99
0.000494	-0.0050	0.98
0.001535	-0.0062	1.00
0.000441	-0.0033	0.98
0.000829	-0.0018	0.99
0.000770	-0.0057	0.99
0.000464	-0.0036	0.99
0.000680	0.0006	0.99
0.000760	0.0014	1.00
0.002894	0.0205	0.99
0.001232	-0.0038	1.00
0.000735	-0.0026	1.00
0.001713	-0.0020	1.00
0.000935	-0.0094	0.99
0.002218	0.0046	1.00
0.004502	0.1222	0.95
0.000833	-0.0116	0.98
0.000797	-0.0046	0.99
0.003669	0.0584	0.98
0.000986	0.0021	1.00
0.002234	-0.0036	1.00
0.001478	-0.0119	1.00
0.001400	0.0088	0.99
0.002123	0.0046	1.00
0.002928	0.0495	0.98
0.002042	0.0094	1.00
0.001277	-0.0075	1.00
0.001733	0.0005	1.00
0.003247	0.0584	0.97
0.002646	0.0207	0.99
0.001076	-0.0141	0.99
0.001845	0.0055	1.00
0.003345	0.1102	0.94
0.003313	0.0576	0.98
0.002735	0.0239	0.99
0.001588	-0.0041	1.00
0.002025	-0.0037	1.00
0.002329	-0.0041	1.00
0.001634	-0.0037	1.00
0.001894	-0.0020	1.00
0.002391	0.0058	1.00
0.003040	-0.0075	1.00
0.003760	0.0896	0.96
0.002062	-0.0131	1.00
0.001434	-0.0169	0.99
0.002541	0.0203	0.99
0.003554	0.0330	0.99
0.002900	0.0205	0.99
0.002825	0.0415	0.98
0.002514	0.0139	0.99
0.002554	0.0163	0.99
0.002068	0.0098	1.00
0.002002	0.0075	1.00
0.002563	0.0233	0.99
0.002340	0.0121	0.99
0.001045	-0.0064	1.00
0.002846	0.0566	0.97
0.002776	0.0952	0.93
0.002371	-0.0015	1.00
0.002330	-0.0111	1.00
0.002115	-0.0072	1.00
0.003639	0.0613	0.98
0.002885	0.0011	1.00
0.003151	0.0728	0.96
0.002412	0.0192	0.99
0.004376	0.1027	0.96
0.002165	-0.0071	1.00
0.003327	0.1462	0.91
0.002335	0.0235	0.99
0.002225	0.0001	1.00
0.001556	0.0029	1.00
0.001974	0.0073	1.00
0.001360	-0.0029	1.00
0.001670	-0.0005	1.00
0.003033	0.0233	0.99
0.003047	0.0522	0.98
0.002246	0.0131	1.00
0.002375	0.0091	1.00
0.001574	0.0030	1.00
0.001831	-0.0009	1.00
0.002202	0.0055	1.00
0.001763	-0.0202	1.00
0.000701	-0.0038	0.99
0.004109	0.4482	0.71
0.000731	0.0015	1.00
0.001988	-0.0039	1.00
0.000608	-0.0079	0.98
0.002012	0.0115	1.00
0.000962	-0.0077	0.99
0.001514	-0.0003	1.00
0.000779	-0.0045	0.99
0.002707	0.0094	1.00
0.001476	0.0036	1.00
0.001306	-0.0055	1.00
0.002789	0.0184	0.99
0.002922	0.0423	0.98
0.000956	-0.0080	0.99
0.002138	0.0053	1.00
0.001772	0.0157	0.99
0.001846	0.0056	1.00
0.001999	-0.0001	1.00
0.000632	-0.0087	0.98
0.001909	0.0107	1.00
0.001057	-0.0063	0.99
0.001857	-0.0050	1.00
0.001691	0.0111	0.99
0.002714	0.0135	1.00
0.001483	-0.0107	1.00
0.001507	0.0065	1.00
0.001784	0.0056	1.00
0.000874	-0.0028	0.99
0.001269	-0.0010	1.00
0.000000	0.0000	nan
0.000000	0.0000	nan
0.000000	0.0000	nan
0.000000	0.0000	nan
0.000000	0.0000	nan
0.000000	0.0000	nan
0.000000	0.0000	nan
0.000000	0.0000	nan
0.000000	0.0000	nan
0.000000	0.0000	nan
0.000000	0.0000	nan
0.000000	0.0000	nan
0.003339	0.0318	0.99
0.001809	-0.0028	1.00
0.001944	0.0155	0.99
0.002355	0.0274	0.99
0.002528	0.0811	0.95
0.003771	0.1909	0.89
0.002647	-0.0039	1.00
0.002429	0.0076	1.00
0.002417	0.0073	1.00
0.001270	-0.0089	0.99
0.003269	0.0160	0.99
0.001034	0.0011	1.00
0.002954	0.0386	0.99
0.003629	0.0458	0.98
0.001852	0.0159	0.99
0.003016	0.0301	0.99
0.002961	0.0251	0.99
0.001894	0.0256	0.98
0.001506	-0.0033	1.00
0.002047	-0.0030	1.00
0.003564	0.1926	0.89
0.003699	0.1441	0.92
0.001717	-0.0161	0.99
0.001683	0.0057	1.00
0.002035	0.0118	0.99
0.002964	0.0168	0.99
0.004122	0.2120	0.88
0.002244	-0.0135	1.00
0.000685	-0.0085	0.98
0.004661	0.1440	0.94
0.000818	-0.0035	0.99
0.001206	-0.0124	0.99
0.001589	0.0075	1.00
0.001704	-0.0042	1.00
0.002957	0.0489	0.98
0.002244	-0.0240	0.99
0.002384	-0.0155	1.00
0.003267	0.0732	0.96
0.001592	-0.0020	1.00
0.000573	-0.0066	0.99
0.001856	0.0053	1.00
0.000680	-0.0073	0.99
0.000966	-0.0072	0.99
0.002440	0.0213	0.99
0.001802	0.0092	0.99
0.002797	0.0119	1.00
0.001286	-0.0153	0.99
0.000695	-0.0058	0.99
0.002042	0.0155	0.99
0.000964	-0.0017	1.00
0.000527	-0.0051	0.98
0.002950	0.0325	0.98
0.002218	0.0075	1.00
0.003029	0.2126	0.85
0.002774	0.0574	0.97
0.004113	0.1118	0.95
0.002120	0.0075	1.00
0.003148	0.0458	0.98
0.003617	0.0608	0.97
0.002517	0.0587	0.96
0.001590	-0.0091	1.00
0.002752	0.0287	0.99
0.001697	-0.0050	1.00
0.001730	-0.0141	0.99
0.001546	-0.0220	0.99
0.001192	-0.0059	1.00
0.002480	0.0260	0.99
0.000743	-0.0030	0.99
0.002124	0.0119	1.00
0.000649	-0.0092	0.98
0.002319	0.0109	1.00
0.002306	0.0064	1.00
0.003109	0.0067	0.99
0.003168	0.0429	0.98
0.002239	0.0123	0.99
0.002360	-0.0204	1.00
0.002051	0.0086	1.00
0.004200	0.1593	0.92
0.000997	-0.0085	0.99
0.001976	0.0151	0.99
0.001548	0.0289	0.97
0.002580	0.0208	0.99
0.003822	0.0637	0.98
0.002707	0.0560	0.97
0.001730	-0.0101	1.00
0.001419	-0.0134	1.00
0.002219	0.0670	0.94
0.003687	0.1264	0.94
0.003493	0.0482	0.98
0.002339	0.0146	0.99
0.002652	0.0230	0.99
0.001501	-0.0029	1.00
0.002389	0.0035	1.00
0.002827	0.0407	0.98
0.002663	-0.0003	1.00
0.001982	-0.0111	1.00
0.002287	0.0170	0.99
0.001330	-0.0039	1.00
0.001414	-0.0022	1.00
0.001742	-0.0004	1.00
0.000346	-0.0023	0.99
0.000271	-0.0032	0.97
0.000379	-0.0037	0.99
0.000849	-0.0036	0.99
0.000857	0.0003	0.99
0.000429	-0.0013	0.99
0.002750	0.0220	0.99
0.002431	0.0157	1.00
0.001032	-0.0064	1.00
0.002939	0.0525	0.98
0.002771	0.0942	0.93
0.003016	-0.0003	1.00
0.002292	-0.0250	1.00
0.001501	-0.0101	1.00
0.000949	-0.0041	1.00
0.002752	0.0236	0.99
0.001487	-0.0072	1.00
0.001221	0.0045	1.00
0.001517	-0.0009	1.00
0.000816	-0.0054	1.00
0.002634	0.0230	0.99
0.002094	0.0227	0.99
0.001454	-0.0083	1.00
0.000865	-0.0087	0.99
0.001550	0.0036	1.00
0.000938	-0.0023	1.00
0.001986	0.0099	1.00
0.001068	0.0022	0.99
0.001712	0.0112	0.99
0.001578	-0.0029	1.00
0.001602	-0.0085	1.00
0.002771	0.0190	0.99
