C	0.002254	0.0031	1.00
A	0.002784	0.0185	0.99
G	0.002115	0.0092	1.00
G	0.002618	0.0281	0.99
T	0.002351	-0.0008	1.00
C	0.002415	-0.0088	1.00
C	0.002130	-0.0222	1.00
A	0.002387	-0.0229	1.00
A	0.003235	0.0956	0.95
T	0.004013	0.1470	0.92
T	0.001846	-0.0148	1.00
G	0.001778	-0.0105	1.00
T	0.002685	0.0215	0.99
T	0.002339	0.0010	1.00
A	0.002397	-0.0099	1.00
C	0.002041	-0.0260	0.99
A	0.003122	0.0421	0.98
G	0.001794	0.0254	0.99
T	0.001489	-0.0043	1.00
C	0.001066	-0.0049	1.00
T	0.001719	-0.0001	1.00
G	0.000697	-0.0030	0.99
G	0.000976	-0.0112	0.99
G	0.000582	-0.0090	0.97
G	0.003952	0.0544	0.98
C	0.000818	-0.0042	0.99
A	0.001134	-0.0098	0.99
G	0.001466	0.0044	1.00
C	0.002025	0.0022	1.00
G	0.002655	0.0237	0.99
G	0.002402	0.0306	0.99
T	0.002359	0.0191	0.99
G	0.001568	-0.0099	1.00
A	0.001870	-0.0002	1.00
C	0.003189	0.0556	0.98
G	0.001460	-0.0067	1.00
A	0.001901	-0.0060	1.00
A	0.003208	0.0383	0.99
G	0.000937	-0.0072	0.99
C	0.002955	0.0182	0.99
C	0.000740	-0.0011	0.99
C	0.002674	0.0242	0.99
G	0.000621	0.0010	0.99
G	0.000610	-0.0027	0.99
G	0.000374	-0.0033	0.99
G	0.000847	-0.0043	0.99
C	0.000611	-0.0015	0.99
C	0.000550	-0.0029	0.99
T	0.001448	-0.0002	1.00
C	0.000586	-0.0043	0.99
A	0.002501	0.0141	0.99
G	0.002359	0.0185	0.99
T	0.001670	-0.0008	1.00
G	0.001352	-0.0088	0.99
A	0.001829	-0.0005	1.00
G	0.001912	-0.0155	1.00
A	0.002122	0.0280	0.98
G	0.000733	-0.0115	0.98
T	0.002244	0.0184	0.99
C	0.000917	-0.0016	1.00
T	0.001983	0.0084	1.00
C	0.001082	0.0010	1.00
C	0.001685	-0.0006	1.00
T	0.001849	-0.0194	0.99
G	0.003025	0.0377	0.99
C	0.001797	0.0205	0.99
G	0.002420	-0.0024	1.00
A	0.003443	0.1229	0.94
G	0.000712	-0.0076	0.99
G	0.003668	0.1468	0.93
C	0.000942	0.0007	1.00
T	0.002788	0.0403	0.98
T	0.001566	-0.0029	1.00
C	0.002747	0.0636	0.96
T	0.001761	-0.0013	1.00
G	0.001391	-0.0056	1.00
G	0.002465	0.0492	0.97
A	0.002429	-0.0033	1.00
T	0.003707	0.1237	0.94
A	0.003159	0.0778	0.97
C	0.001970	-0.0057	1.00
A	0.003066	0.0409	0.99
A	0.001706	0.0077	1.00
C	0.002027	0.0231	0.99
A	0.002330	-0.0011	1.00
T	0.001487	0.0008	1.00
T	0.001998	0.0010	1.00
C	0.002757	0.0087	1.00
G	0.001662	-0.0035	1.00
T	0.001045	-0.0074	1.00
G	0.000800	-0.0089	0.99
A	0.003774	0.0831	0.97
C	0.001315	0.0126	0.99
T	0.002788	0.0257	0.99
A	0.003772	0.0640	0.98
C	0.002553	0.0481	0.97
T	0.002429	0.0205	0.99
T	0.004263	0.1321	0.95
T	0.002281	0.0157	0.99
A	0.004120	0.1713	0.92
T	0.002333	0.0051	1.00
T	0.002976	0.1424	0.91
C	0.002497	0.0209	0.99
A	0.002962	0.0533	0.98
T	0.002307	0.0194	0.99
T	0.001701	-0.0096	1.00
G	0.000533	-0.0073	0.98
G	0.001081	-0.0094	0.99
T	0.002483	0.0109	0.99
G	0.002219	0.0005	1.00
G	0.001646	-0.0131	1.00
C	0.001219	-0.0222	0.98
G	0.000711	-0.0034	0.99
A	0.002568	0.0189	0.99
C	0.000483	-0.0048	0.99
A	0.001530	-0.0054	1.00
G	0.000431	-0.0028	0.99
G	0.000828	-0.0017	1.00
C	0.000769	-0.0052	0.99
C	0.000478	-0.0040	0.99
C	0.000701	-0.0013	1.00
C	0.000781	-0.0006	1.00
A	0.002883	0.0215	0.99
G	0.001222	-0.0033	1.00
G	0.000761	-0.0045	0.99
A	0.001736	-0.0033	1.00
C	0.000978	-0.0120	0.99
A	0.002222	0.0054	1.00
G	0.004446	0.1245	0.95
G	0.000815	-0.0103	0.99
G	0.000778	-0.0039	0.99
C	0.003647	0.0598	0.98
C	0.001016	0.0010	1.00
T	0.002246	-0.0031	1.00
T	0.001487	-0.0123	1.00
C	0.001392	0.0091	1.00
A	0.002104	0.0052	1.00
G	0.002911	0.0528	0.98
T	0.002049	0.0096	1.00
G	0.001285	-0.0071	1.00
G	0.001698	0.0015	1.00
G	0.003227	0.0594	0.97
T	0.002629	0.0199	0.99
G	0.001067	-0.0145	0.99
G	0.001871	0.0042	1.00
G	0.003367	0.1072	0.94
A	0.003309	0.0584	0.98
T	0.002741	0.0219	0.99
G	0.001602	-0.0056	1.00
G	0.002065	-0.0054	1.00
A	0.002325	-0.0030	1.00
T	0.001650	-0.0047	1.00
C	0.001909	-0.0021	1.00
A	0.002366	0.0057	1.00
A	0.003061	-0.0090	1.00
T	0.003803	0.0872	0.96
C	0.002042	-0.0117	1.00
C	0.001430	-0.0166	0.99
T	0.002601	0.0171	0.99
A	0.003518	0.0337	0.99
A	0.002925	0.0204	0.99
G	0.002849	0.0406	0.98
A	0.002537	0.0119	1.00
C	0.002552	0.0160	0.99
A	0.002079	0.0080	1.00
G	0.001969	0.0083	1.00
G	0.002553	0.0235	0.99
T	0.002371	0.0099	1.00
C	0.001076	-0.0083	0.99
A	0.002873	0.0548	0.97
G	0.002821	0.0926	0.93
C	0.002376	-0.0005	1.00
C	0.002306	-0.0104	1.00
A	0.002108	-0.0071	1.00
A	0.003607	0.0618	0.98
A	0.002845	0.0023	1.00
C	0.003143	0.0728	0.96
A	0.002450	0.0178	0.99
A	0.004397	0.1023	0.96
T	0.002147	-0.0052	1.00
C	0.003325	0.1468	0.91
C	0.002372	0.0213	0.99
T	0.002222	-0.0000	1.00
C	0.001598	0.0012	1.00
G	0.001984	0.0063	1.00
T	0.001367	-0.0034	1.00
C	0.001692	-0.0009	1.00
A	0.003024	0.0245	0.99
A	0.003054	0.0528	0.97
T	0.002266	0.0136	1.00
T	0.002372	0.0092	1.00
T	0.001592	0.0022	1.00
C	0.001815	0.0001	1.00
A	0.002183	0.0060	1.00
G	0.001755	-0.0202	1.00
G	0.000708	-0.0037	0.99
G	0.004087	0.4519	0.71
T	0.000705	0.0033	0.99
A	0.001949	-0.0022	1.00
G	0.000598	-0.0071	0.98
A	0.002007	0.0120	0.99
G	0.000977	-0.0090	0.99
T	0.001526	-0.0018	1.00
C	0.000782	-0.0046	1.00
A	0.002719	0.0099	1.00
G	0.001472	0.0045	1.00
T	0.001306	-0.0059	1.00
C	0.002785	0.0191	0.99
T	0.002895	0.0453	0.98
G	0.000958	-0.0075	1.00
A	0.002156	0.0036	1.00
C	0.001745	0.0189	0.99
T	0.001821	0.0073	1.00
C	0.002010	-0.0010	1.00
G	0.000633	-0.0083	0.98
A	0.001921	0.0105	0.99
C	0.001057	-0.0064	0.99
A	0.001874	-0.0060	1.00
C	0.001699	0.0095	0.99
G	0.002715	0.0139	1.00
C	0.001460	-0.0094	1.00
G	0.001551	0.0036	1.00
T	0.001771	0.0047	1.00
C	0.000912	-0.0051	1.00
G	0.001263	-0.0023	1.00
T	0.000000	0.0000	nan
G	0.000000	0.0000	nan
G	0.000000	0.0000	nan
G	0.000000	0.0000	nan
A	0.000000	0.0000	nan
C	0.000000	0.0000	nan
T	0.000000	0.0000	nan
T	0.000000	0.0000	nan
T	0.000000	0.0000	nan
G	0.000000	0.0000	nan
A	0.000000	0.0000	nan
C	0.000000	0.0000	nan
A	0.003342	0.0334	0.99
C	0.001815	-0.0034	1.00
A	0.001954	0.0155	0.99
T	0.002359	0.0280	0.99
T	0.002544	0.0817	0.95
T	0.003709	0.1944	0.89
T	0.002633	-0.0043	1.00
C	0.002414	0.0075	1.00
C	0.002377	0.0087	1.00
T	0.001266	-0.0090	1.00
T	0.003246	0.0168	0.99
T	0.001037	0.0003	1.00
T	0.002937	0.0401	0.98
A	0.003660	0.0452	0.98
C	0.001884	0.0140	0.99
A	0.003024	0.0289	0.99
T	0.002976	0.0228	0.99
G	0.001884	0.0257	0.98
G	0.001511	-0.0036	1.00
A	0.002052	-0.0039	1.00
C	0.003531	0.1953	0.88
C	0.003712	0.1432	0.92
T	0.001732	-0.0160	1.00
G	0.001647	0.0078	1.00
A	0.002023	0.0118	1.00
A	0.002985	0.0151	0.99
G	0.004132	0.2118	0.88
G	0.002215	-0.0110	1.00
C	0.000702	-0.0088	0.99
A	0.004647	0.1439	0.94
C	0.000856	-0.0052	0.99
T	0.001202	-0.0112	0.99
A	0.001578	0.0078	0.99
A	0.001702	-0.0027	1.00
G	0.002923	0.0507	0.98
A	0.002216	-0.0231	0.99
T	0.002374	-0.0161	1.00
C	0.003275	0.0723	0.96
G	0.001568	-0.0013	1.00
G	0.000569	-0.0065	0.99
A	0.001869	0.0048	1.00
C	0.000682	-0.0079	0.98
G	0.000959	-0.0070	0.99
A	0.002425	0.0221	0.99
C	0.001807	0.0087	1.00
A	0.002792	0.0127	0.99
C	0.001313	-0.0166	0.99
G	0.000673	-0.0045	0.99
G	0.002024	0.0169	0.99
C	0.000958	-0.0020	1.00
C	0.000510	-0.0040	0.99
G	0.002964	0.0331	0.98
T	0.002224	0.0082	1.00
T	0.003047	0.2098	0.85
T	0.002756	0.0590	0.97
A	0.004168	0.1075	0.96
T	0.002121	0.0081	1.00
T	0.003143	0.0481	0.98
T	0.003574	0.0621	0.97
C	0.002519	0.0593	0.96
T	0.001614	-0.0100	1.00
G	0.002765	0.0281	0.99
T	0.001698	-0.0055	1.00
G	0.001705	-0.0129	1.00
C	0.001546	-0.0213	0.99
G	0.001190	-0.0053	1.00
C	0.002500	0.0253	0.99
G	0.000729	-0.0022	0.99
A	0.002121	0.0121	1.00
C	0.000634	-0.0086	0.98
A	0.002336	0.0086	1.00
G	0.002311	0.0070	0.99
C	0.003095	0.0084	0.99
G	0.003127	0.0454	0.98
C	0.002244	0.0123	0.99
A	0.002348	-0.0199	1.00
G	0.002055	0.0082	0.99
C	0.004217	0.1578	0.92
G	0.000974	-0.0078	1.00
A	0.002013	0.0128	0.99
C	0.001538	0.0293	0.98
T	0.002566	0.0217	0.99
A	0.003814	0.0654	0.98
T	0.002707	0.0553	0.97
T	0.001734	-0.0097	1.00
G	0.001413	-0.0127	1.00
G	0.002183	0.0691	0.94
G	0.003693	0.1260	0.94
A	0.003527	0.0449	0.98
T	0.002338	0.0144	0.99
T	0.002659	0.0217	0.99
T	0.001506	-0.0020	1.00
C	0.002445	0.0013	0.99
G	0.002850	0.0408	0.98
A	0.002672	-0.0002	1.00
C	0.001951	-0.0105	1.00
G	0.002277	0.0187	0.99
T	0.001322	-0.0045	1.00
C	0.001393	-0.0011	1.00
T	0.001746	-0.0017	1.00
G	0.000342	-0.0023	0.98
G	0.000278	-0.0039	0.97
G	0.000393	-0.0045	0.98
G	0.000863	-0.0032	1.00
C	0.000862	-0.0008	1.00
A	0.000421	-0.0011	0.99
G	0.002756	0.0228	0.99
T	0.002438	0.0156	1.00
G	0.001045	-0.0070	1.00
G	0.002917	0.0531	0.97
A	0.002794	0.0950	0.93
A	0.003036	-0.0005	1.00
C	0.002286	-0.0239	1.00
C	0.001451	-0.0068	1.00
C	0.000927	-0.0029	1.00
A	0.002754	0.0221	0.99
G	0.001521	-0.0103	1.00
G	0.001237	0.0033	1.00
T	0.001511	-0.0008	1.00
C	0.000818	-0.0054	0.99
A	0.002642	0.0220	0.99
C	0.002094	0.0226	0.99
T	0.001436	-0.0078	1.00
G	0.000848	-0.0073	0.99
T	0.001576	0.0027	0.99
C	0.000940	-0.0025	1.00
T	0.002011	0.0074	1.00
C	0.001094	0.0009	1.00
G	0.001707	0.0118	0.99
T	0.001585	-0.0034	1.00
C	0.001658	-0.0114	1.00
A	0.002760	0.0202	0.99
