C	0.002137	0.0004	1.00
A	0.002637	0.0132	1.00
G	0.001989	0.0064	1.00
G	0.002507	0.0218	0.99
T	0.002200	-0.0027	1.00
G	0.002282	-0.0127	1.00
C	0.001998	-0.0248	0.99
A	0.002216	-0.0243	0.99
G	0.003251	0.0786	0.96
C	0.003969	0.1295	0.93
T	0.001694	-0.0145	1.00
G	0.001674	-0.0124	1.00
G	0.002517	0.0198	0.99
T	0.002215	-0.0041	1.00
G	0.002256	-0.0141	1.00
C	0.001895	-0.0267	0.99
A	0.003025	0.0328	0.99
G	0.001738	0.0199	0.99
T	0.001393	-0.0066	1.00
C	0.001000	-0.0063	1.00
T	0.001623	-0.0023	1.00
G	0.000617	-0.0018	0.99
G	0.000886	-0.0113	0.99
G	0.000521	-0.0086	0.97
G	0.003846	0.0407	0.99
C	0.000734	-0.0033	0.99
T	0.001046	-0.0107	0.99
G	0.001378	0.0028	1.00
A	0.001900	-0.0020	1.00
G	0.002554	0.0161	0.99
G	0.002312	0.0244	0.99
T	0.002247	0.0133	0.99
G	0.001468	-0.0122	1.00
A	0.001765	-0.0033	1.00
A	0.003075	0.0471	0.98
G	0.001338	-0.0062	1.00
A	0.001750	-0.0059	1.00
G	0.003057	0.0314	0.99
G	0.000868	-0.0081	0.99
C	0.002864	0.0093	1.00
C	0.000707	-0.0020	1.00
T	0.002448	0.0196	0.99
G	0.000743	-0.0041	1.00
G	0.001772	0.0071	1.00
G	0.000826	-0.0059	0.99
T	0.001538	-0.0054	1.00
C	0.000667	-0.0044	0.99
C	0.001606	0.0085	1.00
T	0.001248	-0.0060	1.00
C	0.000961	-0.0050	1.00
G	0.001456	-0.0131	0.99
G	0.002498	0.0194	0.99
T	0.002340	0.0119	1.00
G	0.001342	-0.0107	0.99
A	0.001731	-0.0037	1.00
C	0.001769	-0.0154	0.99
G	0.002045	0.0214	0.99
G	0.000665	-0.0112	0.97
T	0.002125	0.0138	0.99
C	0.000848	-0.0016	0.99
T	0.001873	0.0051	1.00
C	0.001014	-0.0008	1.00
C	0.001622	-0.0043	1.00
T	0.001705	-0.0198	0.99
G	0.002907	0.0294	0.99
C	0.001766	0.0136	1.00
A	0.002250	-0.0045	1.00
A	0.003387	0.1086	0.95
G	0.000642	-0.0069	0.99
G	0.003689	0.1285	0.93
C	0.000889	-0.0009	0.99
T	0.002689	0.0315	0.99
T	0.001448	-0.0049	1.00
C	0.002742	0.0495	0.97
T	0.001632	-0.0029	1.00
G	0.001166	-0.0041	1.00
G	0.001316	-0.0006	1.00
A	0.001363	-0.0098	1.00
G	0.001279	-0.0157	0.99
G	0.001770	-0.0127	1.00
C	0.003123	0.0755	0.96
T	0.002783	-0.0033	1.00
C	0.002265	-0.0057	1.00
C	0.002116	0.0132	0.99
T	0.002240	-0.0034	1.00
T	0.001451	-0.0029	1.00
C	0.002444	0.0156	0.99
A	0.002266	0.0199	0.99
G	0.002570	0.0686	0.96
C	0.003719	0.1833	0.89
A	0.002553	-0.0211	1.00
C	0.003137	0.0822	0.96
C	0.003649	0.1311	0.92
T	0.002660	0.0135	0.99
A	0.004280	0.0844	0.97
T	0.002035	-0.0105	1.00
G	0.003403	0.0748	0.96
C	0.002803	-0.0051	1.00
T	0.002356	0.0156	0.99
C	0.004426	0.0915	0.97
T	0.001530	-0.0012	1.00
C	0.001807	0.0124	0.99
A	0.002470	0.0177	0.99
G	0.003327	0.0791	0.96
C	0.003758	0.1261	0.93
T	0.001658	-0.0137	0.99
G	0.000499	-0.0073	0.97
G	0.000996	-0.0094	0.99
G	0.002370	0.0065	1.00
T	0.002102	-0.0038	1.00
G	0.001507	-0.0131	0.99
C	0.001106	-0.0209	0.98
G	0.000659	-0.0040	0.99
A	0.002470	0.0123	1.00
C	0.000448	-0.0050	0.98
A	0.001420	-0.0064	1.00
G	0.000413	-0.0038	0.98
G	0.000769	-0.0029	1.00
C	0.000705	-0.0060	0.99
C	0.000427	-0.0028	0.99
C	0.000657	-0.0015	0.99
C	0.000709	-0.0001	1.00
T	0.002795	0.0119	1.00
G	0.001140	-0.0038	1.00
G	0.000681	-0.0042	0.99
A	0.001624	-0.0059	1.00
C	0.000875	-0.0101	0.99
G	0.002111	-0.0002	1.00
A	0.004431	0.1046	0.96
G	0.000749	-0.0108	0.98
G	0.000717	-0.0037	0.99
G	0.003559	0.0473	0.98
C	0.000936	0.0010	1.00
T	0.002087	-0.0049	1.00
T	0.001355	-0.0114	1.00
G	0.001354	0.0037	0.99
A	0.001964	0.0036	1.00
G	0.002829	0.0421	0.98
T	0.001929	0.0057	1.00
G	0.001168	-0.0070	1.00
G	0.001640	-0.0029	1.00
A	0.003183	0.0464	0.98
T	0.002520	0.0148	1.00
G	0.000757	-0.0107	0.98
G	0.001812	-0.0007	1.00
G	0.002238	0.0186	0.99
A	0.001473	-0.0104	1.00
G	0.001214	-0.0174	0.99
G	0.001820	0.0071	1.00
G	0.003766	0.0901	0.96
G	0.002733	-0.0126	1.00
T	0.001625	-0.0075	1.00
C	0.001814	-0.0121	1.00
A	0.003393	0.0312	0.99
T	0.001717	-0.0052	1.00
C	0.001980	0.0031	1.00
C	0.001396	-0.0088	1.00
C	0.000844	-0.0110	0.99
T	0.002758	0.0309	0.99
C	0.004334	0.0944	0.96
T	0.001575	-0.0089	1.00
C	0.002521	0.0557	0.96
T	0.002155	0.0061	1.00
T	0.002028	0.0051	1.00
A	0.001778	0.0025	1.00
A	0.001606	-0.0048	1.00
C	0.003208	0.1415	0.91
T	0.003524	0.1100	0.95
A	0.003223	0.0480	0.98
T	0.002379	0.0350	0.98
A	0.002330	0.0027	1.00
A	0.002406	0.0728	0.95
C	0.003955	0.1754	0.90
A	0.002735	-0.0146	1.00
A	0.003306	0.0507	0.98
A	0.002762	-0.0048	1.00
C	0.003132	0.0604	0.97
T	0.002614	0.0118	1.00
A	0.003652	0.0425	0.99
C	0.001958	0.0233	0.99
G	0.003682	0.1084	0.95
C	0.001960	0.0249	0.98
A	0.002042	-0.0019	1.00
C	0.001473	0.0016	1.00
C	0.001875	0.0029	1.00
G	0.001286	-0.0050	1.00
A	0.001568	-0.0021	1.00
G	0.002887	0.0172	0.99
G	0.003130	0.0399	0.99
T	0.002354	0.0188	0.99
T	0.001640	-0.0066	1.00
C	0.002818	0.0526	0.97
C	0.000845	-0.0156	0.97
A	0.001837	-0.0035	1.00
G	0.001611	-0.0208	0.99
G	0.000633	-0.0032	0.99
G	0.004363	0.4133	0.74
C	0.000693	0.0019	0.99
A	0.001566	-0.0036	1.00
G	0.001264	0.0026	1.00
A	0.001549	-0.0053	1.00
A	0.001387	0.0019	1.00
T	0.001660	0.0077	1.00
C	0.000840	-0.0074	0.99
A	0.002079	-0.0011	1.00
C	0.001514	0.0035	1.00
G	0.003492	0.1123	0.94
A	0.002735	0.0096	1.00
T	0.002516	0.0276	0.99
T	0.002928	0.0388	0.98
A	0.003559	0.0455	0.99
C	0.002903	0.0463	0.98
C	0.001266	-0.0062	1.00
G	0.002420	0.0073	1.00
C	0.001979	0.0094	1.00
G	0.001457	-0.0100	1.00
G	0.000814	-0.0041	0.99
A	0.001589	-0.0053	1.00
C	0.000944	-0.0102	0.99
A	0.001664	-0.0092	1.00
G	0.003462	0.0431	0.99
A	0.003440	0.0584	0.98
T	0.001539	-0.0060	1.00
C	0.001769	-0.0073	1.00
C	0.001889	0.0249	0.99
A	0.002526	0.0044	1.00
C	0.001598	0.0034	1.00
G	0.001493	-0.0029	1.00
A	0.002148	-0.0007	1.00
G	0.002826	0.0055	0.99
C	0.004283	0.1733	0.91
A	0.002543	-0.0100	1.00
C	0.002368	0.0019	1.00
A	0.002276	0.0031	1.00
G	0.001168	-0.0105	0.99
C	0.003124	0.0080	1.00
C	0.000954	0.0003	1.00
T	0.002826	0.0318	0.99
A	0.003555	0.0312	0.99
C	0.001797	0.0098	1.00
C	0.002885	0.0218	0.99
T	0.002863	0.0147	0.99
G	0.001848	0.0195	0.99
G	0.001405	-0.0051	1.00
A	0.001920	-0.0056	1.00
G	0.003622	0.1709	0.90
C	0.003702	0.1261	0.93
T	0.001582	-0.0166	0.99
G	0.001563	0.0038	1.00
A	0.001898	0.0093	1.00
A	0.002896	0.0062	0.99
C	0.004241	0.1882	0.90
A	0.002453	-0.0265	0.99
G	0.001026	-0.0061	1.00
C	0.002758	0.0110	0.99
C	0.000768	-0.0035	0.99
T	0.001407	-0.0043	1.00
G	0.001496	0.0051	1.00
A	0.001599	-0.0047	1.00
G	0.002900	0.0394	0.98
A	0.002051	-0.0244	0.99
C	0.002203	-0.0169	1.00
C	0.003102	0.0646	0.96
T	0.001524	-0.0039	1.00
G	0.001373	0.0012	1.00
A	0.001882	-0.0007	1.00
G	0.002894	0.0488	0.98
G	0.000822	-0.0015	1.00
A	0.001823	-0.0099	1.00
C	0.001618	0.0076	0.99
A	0.002592	0.0106	1.00
C	0.001152	-0.0149	0.99
G	0.000627	-0.0058	0.99
G	0.001938	0.0124	0.99
C	0.000901	-0.0038	0.99
C	0.000470	-0.0039	0.99
G	0.002884	0.0235	0.99
T	0.002095	0.0035	1.00
G	0.003161	0.1851	0.87
T	0.002705	0.0479	0.98
A	0.004106	0.0916	0.96
T	0.001997	0.0040	1.00
T	0.003072	0.0368	0.99
A	0.003480	0.0501	0.98
C	0.002524	0.0455	0.97
T	0.001510	-0.0117	0.99
G	0.002643	0.0221	0.99
T	0.001570	-0.0051	1.00
G	0.001596	-0.0157	0.99
C	0.001414	-0.0214	0.99
G	0.001125	-0.0065	0.99
A	0.002391	0.0195	0.99
G	0.001480	-0.0064	1.00
A	0.001958	0.0045	1.00
G	0.001975	0.0119	1.00
A	0.001833	-0.0038	1.00
A	0.001815	-0.0154	0.99
G	0.000580	-0.0066	0.98
G	0.001787	0.0071	1.00
G	0.001084	-0.0068	1.00
A	0.001778	0.0009	1.00
C	0.001549	0.0246	0.98
T	0.002463	0.0165	0.99
A	0.003590	0.0538	0.98
C	0.003382	0.1148	0.93
T	0.001630	-0.0099	1.00
G	0.000586	-0.0036	0.99
G	0.003972	0.0671	0.97
C	0.000719	-0.0028	0.99
T	0.001351	-0.0078	1.00
G	0.000329	-0.0028	0.99
G	0.000375	-0.0064	0.97
G	0.000501	-0.0077	0.97
G	0.003786	0.0418	0.99
C	0.000675	-0.0024	1.00
T	0.001411	-0.0110	0.99
G	0.000356	-0.0048	0.97
G	0.002470	0.0064	1.00
C	0.000707	-0.0029	0.99
T	0.001388	-0.0100	0.99
G	0.001155	-0.0123	0.99
G	0.001001	-0.0089	0.99
G	0.004328	0.4140	0.74
C	0.000810	-0.0066	0.99
A	0.001865	-0.0099	1.00
A	0.003540	0.0484	0.98
A	0.003166	0.0208	0.99
C	0.003422	0.0758	0.96
C	0.001867	-0.0010	1.00
C	0.000858	-0.0076	0.99
A	0.002525	0.0146	1.00
T	0.003180	0.0269	0.99
A	0.003357	0.0494	0.98
G	0.000540	-0.0008	0.99
G	0.000778	-0.0097	0.99
G	0.000493	-0.0078	0.97
G	0.003212	0.0175	0.99
C	0.000704	-0.0035	0.99
G	0.003289	0.0408	0.98
T	0.002286	-0.0026	1.00
T	0.001936	-0.0001	1.00
T	0.001670	0.0003	1.00
G	0.001061	0.0031	0.99
C	0.003142	0.0283	0.99
C	0.000682	-0.0058	0.99
C	0.000786	-0.0073	0.99
A	0.002218	0.0075	1.00
C	0.002034	0.0167	0.99
T	0.001448	-0.0084	1.00
G	0.000325	-0.0029	0.98
G	0.000243	-0.0029	0.97
G	0.000348	-0.0041	0.98
G	0.000837	-0.0046	1.00
C	0.000631	-0.0027	0.99
C	0.000469	-0.0011	0.99
A	0.001815	-0.0010	1.00
G	0.001460	-0.0167	1.00
G	0.000787	-0.0054	0.99
G	0.003621	0.3892	0.73
C	0.001355	0.0766	0.91
A	0.002761	0.0018	1.00
C	0.001589	-0.0122	1.00
C	0.001256	-0.0050	1.00
C	0.000830	-0.0033	0.99
T	0.002652	0.0149	1.00
G	0.001399	-0.0109	0.99
G	0.001167	0.0012	1.00
T	0.001375	-0.0015	1.00
C	0.000753	-0.0059	0.99
A	0.002547	0.0061	1.00
C	0.001429	-0.0014	1.00
C	0.000928	-0.0080	0.99
G	0.001078	-0.0054	0.99
T	0.001484	0.0010	1.00
C	0.000896	-0.0027	1.00
T	0.001884	0.0072	1.00
C	0.001056	-0.0030	1.00
C	0.001639	0.0072	0.99
T	0.001478	-0.0052	1.00
C	0.001498	-0.0100	0.99
A	0.002634	0.0146	1.00
