C	0.002025	-0.0000	1.00
A	0.002570	0.0116	1.00
G	0.001942	0.0037	1.00
G	0.002440	0.0196	0.99
G	0.002117	-0.0041	1.00
G	0.002225	-0.0146	1.00
C	0.001916	-0.0247	0.99
A	0.002118	-0.0241	0.99
G	0.003178	0.0754	0.96
T	0.003997	0.1194	0.94
T	0.001631	-0.0149	0.99
G	0.001588	-0.0121	1.00
G	0.002523	0.0136	1.00
T	0.002149	-0.0053	1.00
G	0.002171	-0.0132	1.00
C	0.001796	-0.0261	0.99
A	0.002962	0.0295	0.99
G	0.001643	0.0213	0.99
T	0.001338	-0.0058	1.00
C	0.000951	-0.0054	1.00
C	0.001538	-0.0012	1.00
G	0.000593	-0.0005	0.99
G	0.000850	-0.0106	0.98
G	0.000491	-0.0080	0.97
G	0.003765	0.0373	0.99
G	0.000724	-0.0048	0.99
T	0.000995	-0.0105	0.99
G	0.001335	0.0012	1.00
G	0.001803	0.0010	1.00
A	0.002465	0.0172	0.99
C	0.002283	0.0215	0.99
T	0.002176	0.0120	1.00
G	0.001418	-0.0131	0.99
A	0.001685	-0.0025	1.00
A	0.003046	0.0418	0.99
G	0.001296	-0.0064	1.00
A	0.001700	-0.0070	1.00
A	0.003009	0.0261	0.99
A	0.000814	-0.0071	0.99
C	0.002774	0.0090	0.99
C	0.000667	-0.0011	1.00
T	0.002456	0.0183	0.99
G	0.000561	0.0000	1.00
G	0.000577	-0.0046	0.99
G	0.000331	-0.0036	0.98
A	0.000743	-0.0037	1.00
C	0.000527	-0.0014	0.99
G	0.000483	-0.0028	0.99
T	0.001278	-0.0008	1.00
C	0.000528	-0.0046	0.99
A	0.002283	0.0077	1.00
G	0.002217	0.0115	1.00
T	0.001496	-0.0019	1.00
G	0.001211	-0.0088	1.00
A	0.001641	-0.0023	1.00
C	0.002154	-0.0217	0.99
G	0.002017	0.0183	0.99
A	0.003310	0.0545	0.98
T	0.002992	0.0495	0.98
T	0.002259	0.0029	1.00
T	0.001628	-0.0116	1.00
C	0.002930	0.0454	0.98
C	0.001897	-0.0114	1.00
T	0.001727	-0.0194	0.99
G	0.002891	0.0242	0.99
C	0.001654	0.0147	0.99
C	0.002207	-0.0052	1.00
T	0.003928	0.1042	0.95
G	0.000519	-0.0051	0.98
G	0.002798	-0.0188	1.00
C	0.000912	-0.0077	0.99
A	0.002605	-0.0004	1.00
T	0.001934	-0.0065	1.00
C	0.002974	0.0584	0.97
T	0.001590	-0.0022	1.00
G	0.001261	-0.0072	1.00
A	0.002391	0.0359	0.98
A	0.002254	-0.0090	1.00
T	0.003625	0.1030	0.95
A	0.003053	0.0609	0.98
C	0.001770	-0.0070	1.00
A	0.002866	0.0311	0.99
C	0.001552	0.0036	1.00
A	0.001863	0.0171	0.99
T	0.002330	-0.0036	1.00
T	0.001497	-0.0030	1.00
C	0.003305	0.1923	0.86
A	0.002548	0.0006	1.00
A	0.003089	0.0645	0.98
C	0.002998	0.0283	0.98
G	0.002263	0.0010	1.00
A	0.003006	0.0792	0.96
A	0.003578	0.1257	0.93
T	0.002929	0.0182	0.99
T	0.003512	0.0493	0.98
C	0.002431	0.0373	0.98
G	0.002271	0.0127	0.99
T	0.004209	0.1030	0.96
T	0.002163	0.0069	1.00
A	0.004081	0.1442	0.94
T	0.002140	-0.0001	1.00
T	0.003041	0.1168	0.93
C	0.002291	0.0144	0.99
A	0.002839	0.0406	0.98
C	0.002166	0.0113	0.99
T	0.001505	-0.0102	1.00
G	0.000440	-0.0056	0.98
G	0.000958	-0.0099	0.99
A	0.002298	0.0054	1.00
T	0.002015	-0.0037	1.00
T	0.001447	-0.0135	0.99
C	0.001036	-0.0199	0.98
G	0.000620	-0.0031	0.99
A	0.002372	0.0126	1.00
C	0.000413	-0.0039	0.98
A	0.001359	-0.0060	1.00
G	0.000372	-0.0023	0.99
G	0.000746	-0.0028	0.99
C	0.000683	-0.0056	0.99
C	0.000421	-0.0035	0.98
C	0.000631	-0.0015	0.99
C	0.000693	-0.0006	0.99
T	0.002676	0.0112	1.00
G	0.001088	-0.0040	1.00
G	0.000655	-0.0036	0.99
A	0.001540	-0.0053	1.00
C	0.000836	-0.0103	0.99
A	0.002039	0.0003	1.00
G	0.004432	0.0955	0.97
G	0.000711	-0.0100	0.98
G	0.000689	-0.0036	0.99
G	0.003513	0.0427	0.98
C	0.000920	-0.0005	1.00
C	0.002012	-0.0059	1.00
T	0.001299	-0.0124	0.99
C	0.001271	0.0063	0.99
T	0.001906	0.0024	1.00
G	0.002779	0.0372	0.99
T	0.001845	0.0059	1.00
G	0.001109	-0.0062	1.00
G	0.001567	-0.0029	1.00
C	0.003092	0.0427	0.98
T	0.002441	0.0129	1.00
G	0.000789	-0.0128	0.98
G	0.001630	0.0002	1.00
G	0.002526	-0.0007	1.00
T	0.002157	0.0201	0.99
C	0.003524	0.0879	0.96
T	0.002544	0.0208	0.99
A	0.003195	0.0199	0.99
A	0.003741	0.0683	0.97
T	0.001607	0.0095	0.99
C	0.001894	-0.0044	1.00
A	0.002211	-0.0002	1.00
A	0.002765	-0.0125	1.00
A	0.003673	0.0652	0.97
C	0.001827	-0.0125	1.00
G	0.001204	-0.0145	0.99
T	0.002937	0.0400	0.98
A	0.003094	0.0366	0.99
G	0.002384	0.0079	1.00
C	0.001913	0.0037	1.00
G	0.001818	0.0034	1.00
G	0.002483	0.0151	0.99
T	0.002210	0.0052	1.00
C	0.001956	0.0035	1.00
G	0.003549	0.1405	0.92
T	0.003061	0.0597	0.97
T	0.002981	0.0144	0.99
T	0.002665	0.0934	0.94
G	0.003638	0.1615	0.90
A	0.002362	-0.0088	1.00
T	0.002323	-0.0139	1.00
G	0.002099	-0.0036	1.00
A	0.003077	0.0114	0.99
C	0.003096	0.0684	0.96
T	0.003508	0.1248	0.92
-	0.002956	0.0162	0.99
-	0.003499	0.0410	0.98
-	0.001887	0.0232	0.99
G	0.003672	0.1024	0.95
C	0.001925	0.0214	0.99
C	0.001940	-0.0003	1.00
T	0.001406	0.0002	1.00
A	0.001808	0.0013	1.00
T	0.001241	-0.0056	1.00
A	0.001530	-0.0044	1.00
A	0.002812	0.0147	0.99
T	0.003092	0.0340	0.99
T	0.002269	0.0185	0.99
T	0.001584	-0.0071	1.00
T	0.002797	0.0465	0.98
C	0.000795	-0.0150	0.96
A	0.001730	-0.0024	1.00
A	0.001536	-0.0188	0.99
G	0.000599	-0.0033	0.99
A	0.004442	0.4009	0.76
C	0.000668	0.0019	1.00
A	0.001515	-0.0041	1.00
G	0.001203	0.0039	1.00
A	0.001471	-0.0038	1.00
C	0.001324	0.0023	1.00
T	0.001559	0.0085	0.99
C	0.000838	-0.0086	0.99
A	0.002486	0.0037	1.00
G	0.001360	0.0008	1.00
T	0.001175	-0.0079	0.99
C	0.002582	0.0112	1.00
T	0.002731	0.0328	0.99
G	0.000839	-0.0079	0.99
C	0.001954	-0.0001	1.00
G	0.001631	0.0109	0.99
A	0.001676	0.0021	1.00
A	0.001818	-0.0041	1.00
G	0.000540	-0.0080	0.98
A	0.001758	0.0065	1.00
G	0.000933	-0.0065	0.99
A	0.001661	-0.0078	1.00
C	0.001589	0.0057	1.00
C	0.002527	0.0056	1.00
G	0.001334	-0.0125	0.99
T	0.001406	0.0019	1.00
T	0.001622	0.0017	1.00
C	0.000885	-0.0055	0.99
G	0.001771	0.0236	0.99
A	0.002438	0.0038	1.00
C	0.001546	0.0026	1.00
G	0.001434	-0.0034	1.00
G	0.002099	-0.0032	1.00
G	0.002698	0.0065	0.99
A	0.004314	0.1613	0.92
A	0.002457	-0.0104	1.00
C	0.002327	-0.0021	1.00
A	0.002331	0.0062	1.00
G	0.001971	0.0142	0.99
T	0.001483	-0.0077	1.00
C	0.001724	0.0614	0.93
T	0.003255	0.0562	0.98
T	0.003401	0.0314	0.99
C	0.001734	0.0092	1.00
A	0.002775	0.0232	0.99
T	0.002795	0.0122	1.00
G	0.001804	0.0182	0.99
G	0.001347	-0.0044	1.00
A	0.001835	-0.0046	1.00
G	0.003637	0.1610	0.91
T	0.003716	0.1161	0.94
T	0.001532	-0.0166	0.99
G	0.001514	0.0032	1.00
C	0.001811	0.0100	1.00
G	0.002815	0.0041	0.99
G	0.004278	0.1768	0.91
G	0.002376	-0.0273	1.00
G	0.001004	-0.0075	1.00
T	0.002662	0.0104	0.99
C	0.000734	-0.0038	0.99
T	0.001380	-0.0052	1.00
C	0.001460	0.0041	1.00
A	0.001556	-0.0056	1.00
G	0.002814	0.0379	0.98
A	0.001946	-0.0218	0.99
C	0.002130	-0.0175	1.00
C	0.003090	0.0571	0.97
T	0.001462	-0.0045	1.00
G	0.001313	0.0022	1.00
A	0.001797	0.0007	1.00
C	0.002837	0.0445	0.98
G	0.000797	-0.0020	0.99
A	0.001714	-0.0067	1.00
C	0.001586	0.0061	1.00
A	0.002547	0.0045	1.00
C	0.001107	-0.0145	0.99
G	0.000583	-0.0045	0.99
G	0.001928	0.0090	1.00
C	0.000879	-0.0039	1.00
C	0.000453	-0.0043	0.99
G	0.002816	0.0185	0.99
T	0.002030	0.0027	1.00
G	0.003128	0.1822	0.88
T	0.002667	0.0457	0.98
A	0.004058	0.0855	0.97
T	0.001952	0.0037	1.00
T	0.002965	0.0368	0.98
A	0.003383	0.0490	0.98
T	0.002457	0.0451	0.97
T	0.001431	-0.0115	1.00
G	0.002580	0.0180	0.99
T	0.001514	-0.0068	1.00
G	0.001524	-0.0145	0.99
C	0.001323	-0.0191	0.99
G	0.001065	-0.0062	1.00
A	0.002310	0.0181	0.99
G	0.001497	-0.0059	1.00
G	0.001850	0.0048	1.00
G	0.002723	0.0388	0.98
A	0.002330	-0.0033	1.00
T	0.002638	0.0108	1.00
G	0.001796	0.0077	0.99
G	0.002942	0.0296	0.99
A	0.002028	-0.0096	1.00
T	0.002362	-0.0045	1.00
T	0.001316	-0.0014	1.00
G	0.000476	-0.0052	0.98
G	0.000881	-0.0117	0.99
G	0.001334	-0.0178	0.99
G	0.003286	0.0397	0.98
G	0.001883	0.0165	0.99
A	0.001698	-0.0136	1.00
G	0.002524	0.0230	0.99
G	0.003356	0.1186	0.93
T	0.003131	0.0567	0.98
A	0.002918	0.0055	1.00
G	0.002029	0.0038	1.00
C	0.002626	-0.0002	1.00
G	0.001132	-0.0006	1.00
C	0.002501	0.0153	1.00
C	0.000415	-0.0080	0.96
G	0.001946	0.0130	1.00
G	0.000937	-0.0064	0.99
A	0.001699	0.0019	1.00
C	0.001434	0.0231	0.98
T	0.002111	0.0144	0.99
A	0.004266	0.0879	0.97
T	0.001997	0.0019	1.00
C	0.001672	0.0040	1.00
G	0.002994	0.0599	0.97
T	0.001921	0.0179	0.99
T	0.003011	0.0385	0.98
A	0.003278	0.0397	0.99
C	0.001947	0.0243	0.99
G	0.002411	-0.0092	0.99
G	0.003319	0.1621	0.89
C	0.003106	0.0640	0.97
A	0.003909	0.0744	0.97
T	0.002542	0.0613	0.97
T	0.001537	0.0223	0.98
G	0.000723	-0.0057	0.99
A	0.002413	0.0176	1.00
C	0.000985	-0.0009	1.00
G	0.001395	0.0027	1.00
T	0.001456	-0.0015	1.00
C	0.000861	-0.0048	1.00
T	0.001566	-0.0029	1.00
G	0.000332	-0.0028	0.98
G	0.000282	-0.0044	0.96
G	0.001640	-0.0184	0.99
G	0.000705	-0.0107	0.98
T	0.004260	0.3977	0.74
C	0.000695	-0.0040	0.99
A	0.002047	0.0039	1.00
G	0.004136	0.1015	0.96
G	0.000594	-0.0071	0.99
G	0.001912	0.0032	1.00
G	0.001039	-0.0075	1.00
T	0.001950	-0.0030	1.00
C	0.001662	0.0111	0.99
C	0.001432	-0.0028	1.00
A	0.002365	0.0045	1.00
C	0.000990	-0.0131	0.99
G	0.001350	-0.0079	1.00
G	0.000959	-0.0071	0.99
T	0.001335	-0.0023	1.00
C	0.000706	-0.0050	0.99
A	0.002504	0.0029	1.00
T	0.001404	-0.0031	1.00
C	0.000890	-0.0084	0.99
G	0.001020	-0.0048	1.00
T	0.001431	-0.0003	1.00
C	0.000836	-0.0019	1.00
A	0.001831	0.0046	1.00
C	0.000996	-0.0019	1.00
C	0.001584	0.0067	1.00
T	0.001391	-0.0041	1.00
C	0.001441	-0.0110	0.99
A	0.002559	0.0120	1.00
