C	0.002074	0.0019	1.00
A	0.002591	0.0146	0.99
G	0.001964	0.0066	1.00
A	0.002493	0.0195	0.99
T	0.002138	-0.0030	1.00
A	0.002241	-0.0129	1.00
C	0.001962	-0.0249	0.99
A	0.002185	-0.0247	0.99
C	0.003183	0.0815	0.96
C	0.003996	0.1253	0.94
T	0.001673	-0.0148	1.00
C	0.001632	-0.0112	1.00
G	0.002517	0.0170	0.99
T	0.002181	-0.0042	1.00
A	0.002212	-0.0119	1.00
C	0.001848	-0.0270	0.99
A	0.003000	0.0318	0.99
A	0.001682	0.0221	0.98
T	0.001366	-0.0047	1.00
C	0.000953	-0.0036	1.00
T	0.001583	-0.0014	1.00
G	0.000622	-0.0022	1.00
G	0.000856	-0.0099	0.99
G	0.000499	-0.0078	0.98
A	0.003794	0.0420	0.99
C	0.000727	-0.0034	1.00
C	0.001037	-0.0112	0.99
G	0.001351	0.0029	1.00
A	0.001857	-0.0001	1.00
A	0.002500	0.0179	0.99
G	0.002276	0.0249	0.99
T	0.002192	0.0154	0.99
C	0.001441	-0.0108	0.99
A	0.001754	-0.0039	1.00
A	0.003026	0.0486	0.98
G	0.001324	-0.0065	1.00
A	0.001717	-0.0063	1.00
A	0.003011	0.0322	0.99
G	0.000840	-0.0077	0.99
C	0.002785	0.0127	0.99
C	0.000688	-0.0018	0.99
T	0.002368	0.0231	0.99
G	0.000730	-0.0045	0.99
G	0.001737	0.0068	1.00
G	0.000812	-0.0060	0.99
T	0.001473	-0.0035	1.00
C	0.000654	-0.0038	0.99
C	0.001552	0.0104	0.99
T	0.001206	-0.0045	1.00
C	0.000948	-0.0044	1.00
G	0.001398	-0.0113	0.99
G	0.002410	0.0228	0.99
T	0.002265	0.0153	0.99
G	0.001324	-0.0100	0.99
A	0.001667	-0.0006	1.00
C	0.001732	-0.0141	1.00
G	0.002032	0.0212	0.99
G	0.000645	-0.0106	0.98
T	0.002066	0.0156	0.99
C	0.000832	-0.0021	0.99
T	0.001822	0.0069	1.00
C	0.000990	-0.0007	1.00
C	0.001586	-0.0026	1.00
T	0.001650	-0.0177	0.99
G	0.002880	0.0295	0.99
C	0.001712	0.0151	0.99
A	0.002181	-0.0017	1.00
A	0.003374	0.1083	0.95
G	0.000610	-0.0055	0.99
G	0.003663	0.1271	0.93
C	0.000853	0.0005	0.99
C	0.002628	0.0337	0.99
T	0.001419	-0.0034	1.00
A	0.002669	0.0534	0.97
T	0.001598	-0.0017	1.00
G	0.001127	-0.0033	1.00
G	0.001283	-0.0001	1.00
A	0.001300	-0.0070	1.00
G	0.001261	-0.0153	0.99
T	0.001722	-0.0119	1.00
C	0.003086	0.0764	0.95
A	0.000000	0.0000	nan
A	0.000000	0.0000	nan
C	0.000000	0.0000	nan
A	0.002730	-0.0021	1.00
C	0.002192	-0.0044	1.00
T	0.002070	0.0160	0.99
T	0.002216	-0.0031	1.00
T	0.001400	-0.0011	1.00
C	0.002412	0.0130	0.99
G	0.002227	0.0205	0.99
G	0.002549	0.0662	0.96
T	0.003662	0.1869	0.89
C	0.002503	-0.0215	1.00
T	0.003137	0.0785	0.96
C	0.003621	0.1328	0.93
T	0.002590	0.0155	0.99
A	0.004206	0.0872	0.97
T	0.001970	-0.0082	1.00
G	0.003383	0.0737	0.96
C	0.002743	-0.0038	1.00
C	0.002297	0.0178	0.99
G	0.004317	0.0967	0.97
T	0.001487	-0.0008	1.00
C	0.001761	0.0133	0.99
A	0.002432	0.0179	0.99
A	0.003292	0.0785	0.96
T	0.003698	0.1278	0.93
T	0.001610	-0.0124	1.00
G	0.000475	-0.0067	0.98
G	0.000969	-0.0088	0.99
G	0.002313	0.0078	1.00
T	0.002052	-0.0020	1.00
G	0.001442	-0.0113	0.99
C	0.001071	-0.0202	0.98
G	0.000645	-0.0030	0.99
A	0.002406	0.0145	0.99
C	0.000433	-0.0039	0.99
A	0.001359	-0.0042	1.00
G	0.000383	-0.0021	0.98
G	0.000749	-0.0020	0.99
C	0.000694	-0.0056	0.99
C	0.000408	-0.0023	0.99
C	0.000632	-0.0001	0.99
C	0.000699	0.0002	0.99
A	0.002716	0.0140	1.00
G	0.001122	-0.0048	1.00
G	0.000662	-0.0036	0.99
A	0.001569	-0.0039	1.00
C	0.000864	-0.0099	0.99
A	0.002063	0.0019	1.00
A	0.004353	0.1062	0.96
A	0.000704	-0.0089	0.99
G	0.000699	-0.0030	0.99
T	0.003519	0.0463	0.98
C	0.000938	-0.0003	0.99
T	0.002054	-0.0044	1.00
T	0.001326	-0.0117	0.99
G	0.001266	0.0080	0.99
A	0.001952	0.0026	1.00
G	0.002789	0.0420	0.98
T	0.001885	0.0075	1.00
A	0.001128	-0.0054	1.00
C	0.001569	-0.0000	1.00
A	0.003142	0.0456	0.98
T	0.002474	0.0161	0.99
A	0.000748	-0.0107	0.98
G	0.001773	0.0014	1.00
G	0.002201	0.0189	0.99
A	0.001464	-0.0121	0.99
C	0.001173	-0.0163	0.99
A	0.001749	0.0091	1.00
G	0.003676	0.0938	0.96
A	0.002681	-0.0119	1.00
T	0.001545	-0.0033	1.00
A	0.001716	-0.0075	1.00
T	0.003324	0.0350	0.99
G	0.001667	-0.0037	1.00
G	0.001920	0.0040	1.00
C	0.001332	-0.0060	1.00
G	0.000829	-0.0111	0.99
G	0.002756	0.0284	0.99
-	0.004276	0.0944	0.97
-	0.001526	-0.0075	1.00
-	0.002490	0.0570	0.96
-	0.002102	0.0074	1.00
-	0.001982	0.0053	1.00
-	0.001751	0.0036	1.00
T	0.001576	-0.0038	1.00
G	0.003154	0.1438	0.91
G	0.003464	0.1097	0.95
A	0.003169	0.0493	0.98
A	0.002284	0.0372	0.98
A	0.002267	0.0043	1.00
T	0.002351	0.0761	0.94
C	0.003920	0.1762	0.90
C	0.002676	-0.0135	1.00
A	0.003273	0.0485	0.98
G	0.002706	-0.0041	1.00
C	0.003124	0.0574	0.97
G	0.002557	0.0133	0.99
C	0.003584	0.0435	0.99
T	0.001912	0.0259	0.99
T	0.003609	0.1124	0.94
C	0.001942	0.0238	0.99
A	0.001994	-0.0020	1.00
C	0.001431	0.0021	1.00
A	0.001819	0.0056	1.00
T	0.001204	-0.0019	1.00
C	0.001491	-0.0002	1.00
A	0.002855	0.0173	0.99
T	0.003099	0.0397	0.99
T	0.002291	0.0203	0.99
T	0.001574	-0.0043	1.00
C	0.002792	0.0516	0.97
C	0.000811	-0.0146	0.97
G	0.001767	-0.0015	1.00
G	0.001564	-0.0192	0.99
G	0.000602	-0.0023	0.99
G	0.004363	0.4126	0.75
C	0.000677	0.0019	0.99
C	0.001526	-0.0030	1.00
G	0.001242	0.0037	1.00
A	0.001482	-0.0024	1.00
G	0.001349	0.0026	1.00
T	0.001605	0.0087	1.00
C	0.000815	-0.0072	0.99
C	0.002040	-0.0015	1.00
T	0.001476	0.0039	1.00
C	0.003478	0.1099	0.94
A	0.002665	0.0117	1.00
T	0.002470	0.0292	0.99
T	0.002867	0.0398	0.98
T	0.003522	0.0439	0.99
C	0.002843	0.0482	0.98
C	0.001246	-0.0064	1.00
G	0.002378	0.0091	1.00
C	0.001945	0.0091	1.00
G	0.001302	-0.0065	1.00
G	0.000761	-0.0014	1.00
T	0.002458	0.0191	0.99
G	0.000776	-0.0106	0.99
G	0.001892	-0.0059	1.00
A	0.002059	-0.0000	1.00
C	0.003770	0.0575	0.98
C	0.001448	-0.0040	1.00
T	0.001689	-0.0062	1.00
C	0.001882	0.0227	0.99
A	0.002443	0.0083	1.00
C	0.001581	0.0033	1.00
G	0.001437	-0.0007	1.00
G	0.002140	-0.0005	1.00
G	0.002780	0.0058	0.99
C	0.004261	0.1734	0.91
T	0.000000	0.0000	nan
C	0.000000	0.0000	nan
C	0.000000	0.0000	nan
T	0.000000	0.0000	nan
C	0.000000	0.0000	nan
G	0.000000	0.0000	nan
C	0.000000	0.0000	nan
C	0.000000	0.0000	nan
G	0.000000	0.0000	nan
C	0.000000	0.0000	nan
C	0.000000	0.0000	nan
T	0.000000	0.0000	nan
A	0.002463	-0.0078	1.00
T	0.002288	0.0051	1.00
T	0.002241	0.0040	1.00
T	0.001149	-0.0097	0.99
C	0.003086	0.0064	0.99
T	0.000934	0.0001	1.00
T	0.002757	0.0335	0.99
C	0.003480	0.0335	0.99
C	0.001770	0.0107	0.99
T	0.002843	0.0235	0.99
T	0.002780	0.0185	0.99
G	0.001803	0.0199	0.99
G	0.001379	-0.0043	1.00
A	0.001869	-0.0034	1.00
G	0.003581	0.1724	0.90
A	0.003667	0.1245	0.93
T	0.001568	-0.0165	1.00
C	0.001514	0.0051	1.00
A	0.001885	0.0086	1.00
A	0.002849	0.0070	0.99
G	0.004183	0.1881	0.90
A	0.002381	-0.0238	1.00
A	0.001011	-0.0062	1.00
C	0.002704	0.0111	1.00
C	0.000732	-0.0018	0.99
T	0.001398	-0.0054	1.00
G	0.001461	0.0055	1.00
A	0.001553	-0.0039	1.00
C	0.002821	0.0413	0.98
C	0.001999	-0.0227	0.99
T	0.002159	-0.0163	1.00
C	0.003082	0.0611	0.97
T	0.001451	-0.0021	1.00
G	0.001329	0.0035	1.00
A	0.001837	0.0016	1.00
C	0.002841	0.0505	0.98
G	0.000797	-0.0002	1.00
A	0.001726	-0.0057	1.00
C	0.001611	0.0074	1.00
A	0.002548	0.0097	1.00
C	0.001141	-0.0143	0.99
G	0.000599	-0.0045	0.99
G	0.001937	0.0101	0.99
C	0.000857	-0.0016	0.99
C	0.000471	-0.0041	0.99
G	0.002839	0.0238	0.99
T	0.002058	0.0033	1.00
C	0.003086	0.1925	0.86
T	0.002673	0.0489	0.98
A	0.004056	0.0920	0.96
T	0.001963	0.0038	1.00
T	0.002968	0.0421	0.98
T	0.003414	0.0522	0.98
T	0.002452	0.0487	0.97
T	0.001445	-0.0098	1.00
G	0.002592	0.0230	0.99
C	0.001540	-0.0044	1.00
A	0.001550	-0.0139	0.99
C	0.001281	-0.0181	0.99
G	0.000693	-0.0059	0.99
A	0.002273	0.0191	0.99
C	0.000775	-0.0063	0.99
A	0.002135	-0.0030	1.00
A	0.002727	-0.0107	1.00
C	0.003237	0.0528	0.98
C	0.002121	0.0086	0.99
T	0.001228	-0.0048	1.00
C	0.000925	-0.0040	1.00
G	0.000755	-0.0040	0.99
A	0.001860	-0.0029	1.00
C	0.001051	-0.0001	1.00
G	0.003703	0.2430	0.85
T	0.003028	0.0531	0.98
A	0.003527	0.0615	0.98
C	0.001535	-0.0094	1.00
G	0.000746	-0.0050	0.99
A	0.002306	0.0171	0.99
C	0.000788	-0.0063	0.99
A	0.001715	-0.0053	1.00
A	0.002903	0.0137	0.99
G	0.002046	0.0082	1.00
T	0.001963	0.0052	1.00
G	0.001107	-0.0066	1.00
G	0.000817	-0.0087	0.99
A	0.002165	0.0152	0.99
G	0.002841	0.0426	0.98
T	0.001881	0.0085	1.00
G	0.000590	0.0002	1.00
G	0.000852	-0.0059	0.99
C	0.000618	-0.0028	0.99
C	0.000590	0.0000	0.99
T	0.002009	-0.0017	1.00
T	0.001419	-0.0009	1.00
C	0.001961	-0.0039	1.00
A	0.002493	0.0152	0.99
T	0.002753	0.0359	0.99
C	0.000845	-0.0072	0.99
A	0.001919	0.0127	1.00
C	0.001488	0.0255	0.98
G	0.002427	0.0167	0.99
A	0.003581	0.0445	0.98
C	0.002291	0.0221	0.99
G	0.000633	-0.0022	0.99
G	0.000659	-0.0064	0.99
G	0.001590	-0.0009	1.00
G	0.000965	-0.0076	1.00
T	0.001410	-0.0027	1.00
C	0.000915	0.0074	0.99
A	0.002498	0.0132	0.99
T	0.002744	0.0176	0.99
G	0.000653	-0.0043	0.99
G	0.003545	0.0438	0.98
C	0.001036	-0.0069	1.00
A	0.002737	0.0196	0.99
T	0.002684	0.0142	1.00
T	0.001666	-0.0040	1.00
T	0.002104	0.0106	1.00
T	0.001649	-0.0095	1.00
C	0.002960	0.0514	0.98
C	0.001889	0.0033	1.00
T	0.001565	-0.0005	1.00
C	0.001134	-0.0033	1.00
T	0.001179	0.0021	1.00
T	0.002669	0.0149	1.00
G	0.000323	-0.0023	0.99
G	0.000295	-0.0042	0.97
G	0.000343	-0.0042	0.98
G	0.000751	-0.0040	0.99
C	0.000621	-0.0031	0.99
C	0.000374	-0.0043	0.97
A	0.002193	0.0075	1.00
G	0.004195	0.1062	0.96
G	0.001423	-0.0090	1.00
G	0.001718	-0.0036	1.00
A	0.001869	-0.0136	1.00
A	0.003244	0.0275	0.99
C	0.003759	0.0749	0.97
C	0.001831	-0.0120	1.00
C	0.001090	-0.0087	0.99
T	0.002518	0.0192	0.99
C	0.001357	-0.0080	1.00
A	0.001127	0.0028	1.00
T	0.001346	-0.0002	1.00
C	0.000752	-0.0062	0.99
T	0.002536	0.0057	1.00
C	0.001396	-0.0007	1.00
C	0.000916	-0.0087	0.99
G	0.001040	-0.0045	1.00
T	0.001480	0.0003	1.00
C	0.000848	-0.0017	1.00
T	0.001865	0.0052	1.00
C	0.000991	0.0001	1.00
C	0.001583	0.0099	0.99
G	0.001444	-0.0045	1.00
C	0.001474	-0.0096	0.99
G	0.002585	0.0149	0.99
