C	0.002126	0.0040	1.00
A	0.002650	0.0158	1.00
G	0.002001	0.0088	1.00
G	0.002506	0.0257	0.99
T	0.002225	-0.0019	1.00
G	0.002307	-0.0111	1.00
C	0.002007	-0.0231	1.00
A	0.002236	-0.0228	1.00
G	0.003209	0.0850	0.96
T	0.003935	0.1412	0.93
T	0.001738	-0.0152	0.99
G	0.001675	-0.0105	1.00
G	0.002556	0.0208	0.99
T	0.002263	-0.0039	1.00
A	0.002281	-0.0113	1.00
C	0.001910	-0.0247	0.99
A	0.003060	0.0352	0.99
G	0.001734	0.0243	0.98
T	0.001396	-0.0035	1.00
C	0.000996	-0.0051	1.00
T	0.001636	-0.0009	1.00
G	0.000627	-0.0012	0.99
G	0.000906	-0.0101	0.99
G	0.000530	-0.0085	0.97
G	0.003841	0.0470	0.98
C	0.000745	-0.0033	1.00
T	0.001057	-0.0095	0.99
G	0.001381	0.0040	1.00
A	0.001872	0.0039	1.00
G	0.002523	0.0226	0.99
A	0.002320	0.0271	0.99
T	0.002199	0.0214	0.99
G	0.001478	-0.0098	1.00
A	0.001791	-0.0014	1.00
A	0.003096	0.0506	0.98
A	0.001390	-0.0074	1.00
A	0.001780	-0.0050	1.00
T	0.003049	0.0368	0.99
G	0.000877	-0.0077	0.99
C	0.002901	0.0131	0.99
C	0.000703	-0.0012	0.99
T	0.002549	0.0210	0.99
G	0.000599	-0.0003	1.00
G	0.000589	-0.0035	0.99
G	0.000367	-0.0039	0.98
G	0.000794	-0.0039	1.00
C	0.000593	-0.0025	0.99
C	0.000505	-0.0019	0.99
T	0.001350	0.0002	1.00
C	0.000542	-0.0039	0.99
A	0.002378	0.0102	1.00
G	0.002278	0.0156	0.99
T	0.001565	0.0005	1.00
A	0.001237	-0.0067	1.00
A	0.001719	-0.0006	1.00
A	0.001782	-0.0150	0.99
G	0.002087	0.0218	0.99
G	0.000667	-0.0110	0.98
T	0.002124	0.0166	0.99
C	0.000864	-0.0024	1.00
T	0.001864	0.0094	1.00
C	0.001016	0.0008	1.00
C	0.001623	-0.0017	1.00
T	0.001714	-0.0184	0.99
G	0.002909	0.0340	0.99
C	0.001771	0.0167	0.99
A	0.002291	-0.0035	1.00
A	0.003399	0.1141	0.95
G	0.000651	-0.0066	0.99
G	0.003621	0.1389	0.93
C	0.000896	0.0011	1.00
T	0.002696	0.0360	0.99
T	0.001501	-0.0049	1.00
C	0.002694	0.0565	0.97
T	0.001648	-0.0008	1.00
G	0.001309	-0.0061	1.00
G	0.002357	0.0464	0.97
A	0.002311	-0.0038	1.00
T	0.003635	0.1158	0.94
A	0.003060	0.0730	0.97
C	0.001869	-0.0074	1.00
A	0.002946	0.0380	0.99
C	0.001626	0.0059	1.00
C	0.001936	0.0212	0.99
T	0.002202	-0.0008	1.00
T	0.001388	0.0015	1.00
C	0.001901	-0.0004	1.00
A	0.002592	0.0072	1.00
C	0.001546	-0.0033	1.00
C	0.000951	-0.0065	0.99
G	0.000740	-0.0086	0.99
G	0.003683	0.0772	0.97
C	0.001265	0.0108	0.99
A	0.002689	0.0227	0.99
A	0.003608	0.0608	0.98
C	0.002470	0.0440	0.98
T	0.002329	0.0187	0.99
A	0.004208	0.1199	0.95
T	0.002188	0.0120	0.99
A	0.004050	0.1626	0.93
T	0.002201	0.0045	1.00
A	0.002976	0.1344	0.91
C	0.002379	0.0187	0.99
A	0.002883	0.0468	0.98
T	0.002226	0.0160	0.99
T	0.001580	-0.0083	1.00
G	0.000480	-0.0060	0.98
G	0.000975	-0.0068	0.99
G	0.002372	0.0091	1.00
T	0.002105	0.0000	1.00
G	0.001508	-0.0113	0.99
C	0.001091	-0.0192	0.98
G	0.000659	-0.0032	0.99
A	0.002440	0.0175	0.99
C	0.000454	-0.0046	0.99
A	0.001428	-0.0054	1.00
G	0.000403	-0.0023	0.99
G	0.000785	-0.0026	1.00
C	0.000709	-0.0049	0.99
C	0.000436	-0.0033	0.99
C	0.000652	-0.0001	1.00
C	0.000723	0.0008	1.00
T	0.002779	0.0169	0.99
G	0.001123	-0.0023	1.00
G	0.000692	-0.0034	0.99
A	0.001601	-0.0028	1.00
C	0.000907	-0.0109	0.99
A	0.002120	0.0033	1.00
A	0.004413	0.1135	0.95
G	0.000768	-0.0099	0.99
G	0.000745	-0.0043	0.99
G	0.003545	0.0542	0.98
C	0.000955	0.0008	1.00
T	0.002095	-0.0027	1.00
T	0.001372	-0.0101	1.00
G	0.001306	0.0098	0.99
A	0.001998	0.0042	1.00
G	0.002849	0.0448	0.98
T	0.001937	0.0087	1.00
G	0.001176	-0.0060	1.00
G	0.001631	0.0005	1.00
A	0.003127	0.0539	0.97
T	0.002522	0.0169	1.00
G	0.000990	-0.0124	0.99
G	0.001771	0.0029	1.00
G	0.003303	0.1008	0.95
A	0.003196	0.0518	0.98
T	0.002655	0.0193	0.99
G	0.001517	-0.0049	1.00
G	0.001933	-0.0046	1.00
A	0.002188	-0.0043	1.00
T	0.001523	-0.0031	1.00
C	0.001780	-0.0018	1.00
G	0.002262	0.0045	1.00
C	0.002882	-0.0095	1.00
C	0.003722	0.0787	0.97
C	0.001927	-0.0130	1.00
C	0.001338	-0.0158	0.99
T	0.002471	0.0161	0.99
C	0.003415	0.0289	0.99
A	0.002832	0.0153	1.00
C	0.002728	0.0384	0.98
A	0.002412	0.0124	1.00
G	0.002433	0.0160	0.99
T	0.001957	0.0077	1.00
G	0.001897	0.0064	1.00
G	0.002450	0.0212	0.99
T	0.002235	0.0099	1.00
G	0.000976	-0.0070	1.00
A	0.002792	0.0477	0.97
C	0.002812	0.0835	0.94
A	0.002262	-0.0032	1.00
C	0.002210	-0.0120	1.00
A	0.001971	-0.0062	1.00
A	0.003493	0.0558	0.98
G	0.002729	0.0008	1.00
C	0.003120	0.0649	0.96
T	0.002336	0.0172	0.99
A	0.004295	0.0916	0.96
T	0.002016	-0.0068	1.00
G	0.003332	0.1352	0.92
C	0.002237	0.0208	0.99
A	0.002095	-0.0004	1.00
C	0.001491	0.0020	1.00
A	0.001846	0.0074	1.00
G	0.001296	-0.0046	1.00
A	0.001577	-0.0010	1.00
G	0.002905	0.0206	0.99
G	0.002962	0.0467	0.98
T	0.002182	0.0095	1.00
T	0.002266	0.0080	1.00
T	0.001504	0.0010	1.00
C	0.001735	-0.0014	1.00
A	0.002076	0.0050	1.00
G	0.001653	-0.0194	0.99
G	0.000668	-0.0048	0.99
G	0.004225	0.4297	0.73
C	0.000671	0.0030	0.99
A	0.001852	-0.0025	1.00
G	0.000545	-0.0066	0.98
G	0.001894	0.0110	0.99
G	0.000889	-0.0066	0.99
T	0.001412	-0.0004	1.00
C	0.000738	-0.0048	0.99
A	0.002571	0.0086	1.00
C	0.001390	0.0033	1.00
C	0.001207	-0.0053	1.00
A	0.002654	0.0173	0.99
T	0.002788	0.0411	0.98
G	0.000907	-0.0083	0.99
A	0.002053	0.0034	1.00
C	0.001682	0.0148	0.99
C	0.001743	0.0046	1.00
G	0.001908	-0.0023	1.00
G	0.000585	-0.0079	0.98
G	0.001825	0.0085	1.00
G	0.000985	-0.0054	0.99
A	0.001729	-0.0049	1.00
C	0.001569	0.0121	0.99
A	0.002573	0.0129	1.00
C	0.001386	-0.0112	1.00
G	0.001418	0.0063	1.00
T	0.001698	0.0053	1.00
C	0.000834	-0.0040	0.99
C	0.001160	0.0004	1.00
C	0.003210	0.0289	0.99
T	0.001719	-0.0036	1.00
C	0.001882	0.0120	0.99
A	0.002278	0.0226	0.99
G	0.002487	0.0760	0.94
C	0.003751	0.1786	0.89
A	0.002490	-0.0047	1.00
C	0.002324	0.0063	1.00
A	0.002310	0.0060	1.00
G	0.001205	-0.0101	0.99
C	0.003130	0.0111	0.99
C	0.000975	0.0006	1.00
T	0.002847	0.0357	0.99
A	0.003529	0.0384	0.99
C	0.001766	0.0152	0.99
A	0.002856	0.0289	0.99
T	0.002855	0.0199	0.99
G	0.001845	0.0226	0.99
G	0.001424	-0.0041	1.00
A	0.001936	-0.0027	1.00
G	0.003584	0.1794	0.89
C	0.003658	0.1343	0.93
T	0.001610	-0.0150	1.00
C	0.001562	0.0058	1.00
A	0.001924	0.0111	1.00
G	0.002890	0.0118	0.99
C	0.004141	0.1989	0.88
A	0.002077	-0.0106	1.00
G	0.000606	-0.0058	0.99
G	0.004577	0.1343	0.94
C	0.000758	-0.0034	1.00
T	0.001128	-0.0119	0.99
G	0.001506	0.0054	1.00
A	0.001610	-0.0043	1.00
G	0.002879	0.0446	0.98
A	0.002073	-0.0219	0.99
T	0.002268	-0.0172	1.00
C	0.003205	0.0645	0.97
T	0.001466	-0.0014	1.00
G	0.000530	-0.0066	0.98
A	0.001775	0.0028	1.00
C	0.000620	-0.0065	0.99
G	0.000915	-0.0081	0.99
A	0.002324	0.0197	0.99
C	0.001748	0.0056	1.00
A	0.002671	0.0100	1.00
C	0.001205	-0.0150	0.99
G	0.000639	-0.0050	0.99
G	0.001958	0.0144	0.99
C	0.000913	-0.0028	0.99
C	0.000488	-0.0043	0.98
G	0.002885	0.0268	0.99
T	0.002114	0.0051	1.00
C	0.003079	0.1986	0.86
T	0.002691	0.0546	0.97
A	0.004091	0.0992	0.96
T	0.002025	0.0060	1.00
T	0.003003	0.0458	0.98
A	0.003497	0.0542	0.98
C	0.002472	0.0528	0.97
T	0.001529	-0.0107	1.00
G	0.002650	0.0244	0.99
T	0.001602	-0.0049	1.00
G	0.001615	-0.0138	1.00
C	0.001384	-0.0182	0.99
G	0.001113	-0.0057	1.00
A	0.002342	0.0234	0.99
G	0.001412	-0.0022	1.00
A	0.002194	0.0193	0.99
G	0.000557	-0.0068	0.98
G	0.000648	-0.0006	1.00
G	0.000834	-0.0040	1.00
C	0.000903	-0.0014	0.99
C	0.000403	-0.0013	0.99
G	0.003668	0.0585	0.98
T	0.002401	0.0055	1.00
T	0.001607	-0.0024	1.00
C	0.003223	0.0595	0.97
C	0.001868	-0.0136	1.00
C	0.000885	-0.0077	0.99
C	0.000697	-0.0037	0.99
A	0.002104	0.0064	1.00
A	0.003751	0.0758	0.97
T	0.002032	0.0033	1.00
T	0.003054	0.0420	0.98
A	0.003444	0.0556	0.98
C	0.002426	0.0447	0.97
T	0.002401	0.0160	0.99
A	0.004156	0.0910	0.97
T	0.001931	0.0227	0.99
G	0.001894	0.0073	1.00
G	0.003240	0.0320	0.99
T	0.002740	0.0214	0.99
C	0.001519	0.0006	1.00
C	0.002810	0.0484	0.98
G	0.000451	-0.0095	0.96
G	0.000988	-0.0123	0.99
G	0.003215	0.0496	0.97
A	0.002054	0.0229	0.99
A	0.002167	0.0193	0.99
G	0.003084	0.0305	0.99
T	0.001874	-0.0177	1.00
T	0.002550	0.0361	0.98
A	0.004042	0.1177	0.95
T	0.002163	0.0054	1.00
T	0.001613	0.0024	1.00
G	0.000259	-0.0034	0.97
G	0.000282	-0.0040	0.98
G	0.000931	-0.0108	0.99
G	0.001139	-0.0149	0.99
G	0.001627	-0.0188	0.99
G	0.002473	-0.0075	1.00
G	0.003757	0.1108	0.95
T	0.003062	0.0569	0.98
T	0.001966	0.0198	0.99
T	0.002255	0.0065	1.00
A	0.002209	-0.0070	1.00
G	0.000862	-0.0038	1.00
A	0.001185	-0.0143	0.99
C	0.001515	0.0272	0.97
T	0.002442	0.0187	0.99
T	0.003723	0.0560	0.98
C	0.002616	0.0519	0.97
T	0.001467	-0.0067	1.00
G	0.000299	-0.0016	0.98
G	0.000241	-0.0022	0.98
G	0.000361	-0.0044	0.98
G	0.000837	-0.0037	1.00
C	0.000656	-0.0027	0.99
C	0.000485	-0.0015	0.99
A	0.001757	0.0015	1.00
G	0.000659	-0.0100	0.98
G	0.001623	0.0050	1.00
G	0.002491	-0.0046	1.00
A	0.002021	-0.0142	1.00
A	0.003312	0.0293	0.99
C	0.003819	0.0788	0.97
C	0.001872	-0.0105	1.00
C	0.001121	-0.0076	1.00
T	0.002574	0.0223	0.99
G	0.001406	-0.0077	1.00
G	0.001158	0.0040	1.00
T	0.001408	-0.0005	1.00
C	0.000774	-0.0055	0.99
A	0.002628	0.0041	1.00
G	0.001474	-0.0021	1.00
C	0.000937	-0.0074	0.99
G	0.001057	-0.0024	1.00
T	0.001508	0.0012	1.00
C	0.000900	-0.0028	0.99
T	0.001883	0.0090	1.00
C	0.001040	-0.0001	1.00
C	0.001631	0.0115	0.99
T	0.001476	-0.0033	1.00
C	0.001527	-0.0090	1.00
A	0.002678	0.0156	0.99
