C	0.001850	0.0007	1.00
A	0.002321	0.0128	1.00
G	0.001752	0.0054	1.00
G	0.002212	0.0218	0.99
T	0.001894	-0.0019	1.00
G	0.001952	-0.0106	1.00
C	0.001684	-0.0214	0.99
A	0.001878	-0.0213	0.99
G	0.003015	0.0708	0.96
T	0.003867	0.1092	0.95
T	0.001435	-0.0124	0.99
G	0.001420	-0.0096	1.00
G	0.002271	0.0152	0.99
T	0.002002	0.0062	1.00
G	0.001440	0.0060	1.00
G	0.001061	-0.0004	1.00
A	0.002058	0.0111	1.00
G	0.001193	0.0022	1.00
T	0.001165	-0.0035	1.00
C	0.000806	-0.0041	0.99
T	0.001373	-0.0003	1.00
G	0.000529	-0.0006	0.99
G	0.000749	-0.0088	0.99
G	0.001134	-0.0144	0.99
G	0.002927	0.0247	0.99
G	0.001837	0.0198	0.99
A	0.001315	-0.0095	0.99
G	0.000484	-0.0026	0.99
G	0.001120	-0.0064	0.99
C	0.000694	-0.0041	0.99
G	0.002100	0.0052	1.00
T	0.002142	0.0093	1.00
G	0.001550	0.0073	0.99
G	0.000996	0.0028	1.00
T	0.001261	-0.0025	1.00
C	0.000620	-0.0014	1.00
C	0.000462	-0.0070	0.98
A	0.001781	0.0069	1.00
G	0.000908	-0.0071	0.99
C	0.002715	0.0047	1.00
C	0.000600	-0.0008	1.00
T	0.002143	0.0196	0.99
G	0.000660	-0.0032	0.99
G	0.001933	-0.0002	1.00
G	0.001980	0.0173	0.99
A	0.001346	-0.0101	0.99
C	0.002090	0.0177	0.99
G	0.000592	-0.0092	0.97
T	0.001363	-0.0047	1.00
C	0.000925	0.0030	0.99
C	0.001040	-0.0035	1.00
C	0.000723	-0.0025	0.99
T	0.001230	-0.0035	1.00
G	0.001319	0.0039	1.00
A	0.001307	-0.0019	1.00
G	0.000641	-0.0026	0.99
A	0.000783	-0.0071	0.99
C	0.001165	0.0031	1.00
T	0.001274	0.0047	1.00
C	0.000899	-0.0031	1.00
T	0.001648	0.0067	0.99
C	0.000878	0.0001	1.00
C	0.001296	-0.0021	1.00
T	0.001704	0.0012	1.00
G	0.002453	0.0165	0.99
T	0.001436	-0.0065	1.00
G	0.002033	-0.0149	1.00
C	0.001080	-0.0128	0.99
A	0.001369	-0.0144	0.99
G	0.000778	-0.0029	0.99
C	0.002590	0.0050	1.00
C	0.000511	-0.0037	0.99
T	0.001250	0.0005	1.00
C	0.000938	0.0034	1.00
T	0.001425	-0.0015	1.00
C	0.001105	-0.0041	0.99
A	0.002492	0.0315	0.99
A	0.001779	-0.0062	1.00
T	0.002538	0.0188	0.99
T	0.001147	0.0010	1.00
C	0.001558	0.0015	1.00
A	0.002237	0.0077	1.00
G	0.001338	0.0076	1.00
G	0.001795	0.0147	0.99
T	0.001948	-0.0022	1.00
T	0.001232	-0.0002	1.00
T	0.002387	0.0126	0.99
G	0.002107	0.0083	1.00
A	0.003575	0.1660	0.90
T	0.002659	0.0361	0.99
G	0.002869	0.0056	1.00
G	0.003013	0.0558	0.97
T	0.003352	0.1166	0.94
T	0.002382	0.0122	1.00
A	0.003918	0.0715	0.97
T	0.001666	0.0200	0.99
G	0.000533	-0.0030	0.99
G	0.002891	0.0317	0.99
C	0.000941	-0.0077	0.99
A	0.002383	0.0178	1.00
T	0.002391	0.0234	0.99
G	0.003058	0.1173	0.92
C	0.002174	0.0136	1.00
A	0.002590	0.0385	0.99
C	0.001993	0.0092	1.00
T	0.001297	-0.0065	1.00
G	0.000352	-0.0036	0.98
G	0.000665	-0.0027	0.99
G	0.000630	-0.0036	0.99
T	0.001232	-0.0017	1.00
C	0.000423	-0.0040	0.99
C	0.000832	-0.0007	1.00
G	0.000600	-0.0030	0.99
C	0.001136	-0.0027	1.00
C	0.000405	-0.0003	0.99
A	0.001401	0.0026	1.00
G	0.000487	-0.0049	0.99
G	0.004313	0.1048	0.96
C	0.000841	-0.0007	1.00
C	0.001123	-0.0017	1.00
C	0.000699	-0.0043	0.99
C	0.000844	-0.0001	1.00
A	0.001552	0.0002	1.00
G	0.000397	-0.0036	0.98
G	0.001424	-0.0122	0.99
C	0.001237	-0.0157	0.99
A	0.001915	-0.0022	1.00
A	0.004137	0.0905	0.97
G	0.000402	-0.0026	0.98
G	0.000700	-0.0083	0.98
G	0.000413	-0.0063	0.96
G	0.003418	0.0377	0.99
C	0.000611	-0.0026	0.99
T	0.001180	-0.0073	1.00
G	0.001097	0.0002	1.00
G	0.001200	-0.0043	1.00
A	0.001927	0.0153	0.99
G	0.002548	0.0384	0.98
T	0.001689	0.0067	1.00
G	0.000543	-0.0030	0.99
G	0.000867	-0.0076	0.99
G	0.002013	0.0073	1.00
T	0.001953	0.0073	1.00
G	0.000652	-0.0027	1.00
G	0.002934	0.0341	0.99
C	0.000978	-0.0033	1.00
A	0.002545	0.0314	0.99
T	0.002869	0.0408	0.98
C	0.001617	-0.0136	1.00
T	0.002393	0.0244	0.99
A	0.003640	0.1180	0.95
T	0.002275	0.0378	0.98
A	0.003922	0.0851	0.97
T	0.001273	0.0012	1.00
C	0.000924	-0.0103	0.99
A	0.002346	0.0151	1.00
C	0.002579	0.0383	0.98
A	0.004004	0.1408	0.94
T	0.001408	-0.0154	0.99
G	0.002358	0.0506	0.97
A	0.001922	-0.0069	1.00
T	0.002413	0.0098	1.00
G	0.001438	0.0110	0.99
G	0.001547	-0.0025	1.00
A	0.001948	0.0141	0.99
A	0.002636	0.0162	0.99
T	0.003532	0.1295	0.92
T	0.002181	-0.0062	1.00
A	0.003085	0.0387	0.99
A	0.003064	0.0561	0.98
A	0.002421	0.0174	0.99
A	0.002825	0.0222	0.99
A	0.002867	0.0323	0.99
G	0.003241	0.0645	0.97
T	0.002650	0.0218	0.99
A	0.003143	0.0394	0.99
T	0.002262	0.0378	0.98
C	0.002075	0.0137	1.00
A	0.004012	0.0725	0.97
C	0.001776	-0.0069	1.00
G	0.003528	0.1113	0.94
C	0.001414	-0.0166	0.99
A	0.001567	0.0010	1.00
G	0.000384	-0.0043	0.97
A	0.000742	-0.0068	0.99
A	0.001139	0.0026	1.00
A	0.000939	-0.0045	1.00
A	0.000874	-0.0015	1.00
A	0.001327	0.0025	1.00
G	0.002386	0.0142	1.00
T	0.001619	0.0006	1.00
G	0.001049	-0.0058	0.99
T	0.001450	0.0005	1.00
G	0.001223	-0.0065	0.99
G	0.000383	-0.0019	0.99
G	0.000563	-0.0007	1.00
G	0.000638	-0.0023	0.99
C	0.000797	-0.0027	0.99
C	0.000211	-0.0021	0.98
G	0.002236	0.0155	0.99
C	0.002235	0.0120	0.99
T	0.002569	0.0192	0.99
T	0.001142	0.0009	1.00
C	0.001515	0.0032	1.00
A	0.002274	0.0049	1.00
C	0.001317	0.0007	1.00
C	0.000994	-0.0048	1.00
A	0.002807	0.0228	0.99
T	0.001543	0.0006	1.00
C	0.001823	0.0136	0.99
T	0.001620	0.0063	1.00
C	0.000775	-0.0048	1.00
C	0.000865	-0.0021	1.00
A	0.000908	-0.0105	0.99
G	0.001096	0.0030	0.99
A	0.001715	0.0046	1.00
G	0.000628	-0.0036	0.99
A	0.001780	0.0081	1.00
C	0.000845	-0.0080	0.99
A	0.002222	0.0245	0.99
A	0.003362	0.0599	0.98
T	0.002184	0.0205	0.99
T	0.001409	-0.0059	1.00
C	0.002593	0.0446	0.98
C	0.001754	0.0014	1.00
A	0.001788	0.0011	1.00
A	0.002143	-0.0011	1.00
G	0.001121	-0.0055	1.00
A	0.001164	-0.0060	1.00
A	0.002683	0.0078	1.00
C	0.002861	0.0247	0.99
A	0.002244	0.0070	1.00
C	0.001559	0.0033	1.00
A	0.003845	0.1219	0.94
C	0.002090	0.0469	0.97
T	0.001410	-0.0059	1.00
G	0.002650	0.0470	0.97
T	0.002368	0.0453	0.98
A	0.004012	0.1194	0.95
T	0.001151	-0.0125	0.99
C	0.002212	0.0584	0.96
T	0.001899	0.0133	1.00
A	0.002373	0.0302	0.99
C	0.002818	0.0920	0.94
A	0.002098	-0.0107	1.00
A	0.003285	0.0413	0.98
A	0.003165	0.0499	0.98
T	0.001676	-0.0039	1.00
G	0.001546	0.0082	0.99
A	0.001738	0.0052	1.00
A	0.002638	0.0084	1.00
C	0.002741	0.0196	0.99
A	0.002042	0.0033	1.00
G	0.000952	-0.0061	0.99
C	0.002421	0.0073	1.00
C	0.000647	-0.0018	0.99
T	0.001181	-0.0010	1.00
G	0.001318	0.0034	1.00
C	0.001331	-0.0029	1.00
G	0.001397	-0.0045	1.00
A	0.001412	-0.0097	0.99
C	0.003555	0.1535	0.92
C	0.003676	0.1087	0.95
T	0.001420	-0.0149	1.00
G	0.001173	0.0033	1.00
A	0.001627	0.0007	1.00
G	0.002694	0.0391	0.98
G	0.000707	-0.0014	1.00
A	0.001538	-0.0062	1.00
C	0.001396	0.0084	0.99
A	0.002291	0.0078	1.00
C	0.001083	-0.0136	0.99
G	0.000612	-0.0054	0.99
G	0.003692	0.0570	0.98
C	0.000707	-0.0040	0.99
T	0.001223	-0.0040	1.00
C	0.002137	0.0239	0.99
T	0.001561	-0.0063	1.00
C	0.003085	0.1709	0.88
T	0.002510	0.0414	0.98
A	0.003831	0.0802	0.97
C	0.001739	0.0058	1.00
T	0.002770	0.0334	0.99
A	0.003217	0.0438	0.98
C	0.002301	0.0422	0.98
T	0.001255	-0.0083	1.00
G	0.002360	0.0199	0.99
T	0.001346	-0.0033	1.00
G	0.001335	-0.0113	0.99
C	0.001106	-0.0153	0.99
G	0.001252	0.0015	1.00
A	0.001616	-0.0019	1.00
A	0.002526	0.0094	1.00
A	0.002531	0.0207	0.99
G	0.001841	0.0112	0.99
A	0.001472	-0.0073	1.00
T	0.002750	0.0259	0.99
T	0.001889	0.0102	1.00
T	0.001395	-0.0050	1.00
G	0.002280	0.0222	0.99
C	0.000976	-0.0185	0.97
G	0.000984	-0.0045	1.00
A	0.002321	0.0213	0.99
G	0.001709	0.0111	0.99
A	0.001674	-0.0034	1.00
A	0.002775	0.0408	0.99
G	0.000571	-0.0010	0.99
A	0.001777	0.0031	1.00
C	0.000587	-0.0069	0.98
G	0.001551	-0.0037	1.00
A	0.001807	0.0010	1.00
A	0.003478	0.0578	0.98
T	0.001987	0.0199	0.99
G	0.002293	0.0238	0.99
T	0.001305	-0.0019	1.00
G	0.001043	-0.0102	0.99
A	0.001597	-0.0002	1.00
A	0.002850	0.0405	0.98
G	0.000865	-0.0028	1.00
A	0.001355	-0.0027	1.00
G	0.002654	0.0345	0.99
T	0.001660	0.0075	1.00
G	0.001016	-0.0061	0.99
G	0.001283	0.0008	1.00
T	0.001848	0.0100	1.00
G	0.000956	-0.0043	0.99
G	0.000599	-0.0028	0.99
T	0.001212	0.0007	1.00
C	0.000739	0.0041	0.99
G	0.001155	-0.0124	0.99
G	0.003095	0.0618	0.97
A	0.002087	-0.0116	1.00
T	0.002258	0.0271	0.99
T	0.002421	0.0534	0.97
A	0.003772	0.0905	0.97
T	0.001788	0.0037	1.00
T	0.002846	0.0310	0.99
A	0.003021	0.0369	0.99
C	0.001505	-0.0101	1.00
G	0.003087	0.0978	0.94
A	0.002404	0.0105	1.00
T	0.002646	0.0277	0.99
T	0.001528	-0.0038	1.00
T	0.001702	0.0083	1.00
T	0.001653	0.0076	1.00
G	0.001504	0.0053	1.00
G	0.000560	-0.0071	0.98
G	0.000712	-0.0055	0.99
A	0.001772	0.0097	1.00
A	0.002869	0.0363	0.99
A	0.002428	0.0204	0.99
C	0.002306	0.0277	0.99
A	0.001932	-0.0016	1.00
A	0.002759	0.0177	0.99
C	0.003367	0.0721	0.97
T	0.001104	-0.0065	0.99
C	0.001418	-0.0064	1.00
C	0.001102	-0.0050	0.99
C	0.000537	-0.0058	0.99
T	0.001866	0.0004	1.00
T	0.001849	-0.0006	1.00
G	0.002555	0.0191	0.99
C	0.001201	-0.0155	0.99
G	0.002814	0.0275	0.99
C	0.002022	0.0226	0.98
A	0.001862	-0.0082	1.00
A	0.003141	0.0313	0.99
A	0.002480	0.0293	0.99
G	0.000800	-0.0086	0.99
T	0.001432	0.0079	0.99
C	0.000435	-0.0056	0.98
A	0.001747	-0.0003	1.00
C	0.001433	0.0084	0.99
G	0.001908	0.0005	1.00
C	0.001783	0.0094	0.99
G	0.000744	0.0011	0.99
G	0.001908	0.0066	1.00
C	0.000852	-0.0043	0.99
G	0.000745	0.0017	1.00
G	0.003596	0.0580	0.98
C	0.000825	0.0010	1.00
T	0.001777	-0.0026	1.00
T	0.001498	0.0023	1.00
G	0.001316	-0.0051	1.00
G	0.002942	0.0207	0.99
T	0.001197	-0.0096	0.99
T	0.001310	-0.0084	0.99
G	0.000685	-0.0043	0.99
G	0.001515	-0.0009	1.00
A	0.002020	0.0200	0.99
A	0.002929	0.0280	0.99
T	0.002309	0.0382	0.98
T	0.001852	-0.0050	1.00
G	0.003391	0.0786	0.97
C	0.002527	0.0067	1.00
T	0.001230	-0.0146	0.99
G	0.002272	0.0554	0.96
A	0.002065	0.0035	1.00
T	0.002950	0.0348	0.99
A	0.003938	0.0869	0.97
A	0.001337	-0.0053	1.00
C	0.002508	0.0579	0.97
T	0.001474	-0.0023	1.00
G	0.000278	-0.0015	0.98
G	0.000199	-0.0023	0.96
G	0.000290	-0.0032	0.97
G	0.000669	-0.0036	1.00
C	0.000533	-0.0014	0.99
C	0.000322	-0.0041	0.99
A	0.001959	0.0064	1.00
A	0.003933	0.0951	0.96
G	0.000503	-0.0049	0.99
G	0.001760	0.0033	1.00
G	0.000719	-0.0027	0.99
A	0.001415	-0.0037	1.00
C	0.000867	-0.0080	0.99
A	0.002203	0.0263	0.99
A	0.003467	0.0619	0.98
T	0.002365	0.0398	0.98
G	0.001536	0.0057	1.00
G	0.000967	0.0046	1.00
T	0.001214	-0.0011	1.00
C	0.000609	-0.0033	0.99
A	0.002244	0.0048	1.00
C	0.001233	-0.0011	1.00
C	0.000791	-0.0072	0.99
G	0.000901	-0.0024	1.00
T	0.001289	-0.0002	1.00
C	0.000737	-0.0022	1.00
T	0.001213	-0.0071	1.00
C	0.000806	0.0001	1.00
T	0.003214	0.0521	0.98
T	0.001211	0.0002	1.00
C	0.001261	-0.0067	1.00
A	0.002333	0.0129	0.99
