G	0.002101	0.0024	1.00
A	0.002570	0.0174	0.99
G	0.002381	0.0262	0.98
G	0.002465	0.0242	0.99
T	0.002137	-0.0006	1.00
T	0.002234	-0.0098	1.00
C	0.001938	-0.0220	0.99
A	0.002159	-0.0210	1.00
G	0.003194	0.0840	0.96
C	0.003926	0.1351	0.93
T	0.001692	-0.0149	1.00
G	0.001610	-0.0097	1.00
G	0.002458	0.0212	0.99
T	0.002234	0.0097	1.00
G	0.001621	0.0071	1.00
G	0.001230	-0.0014	1.00
A	0.002287	0.0149	1.00
G	0.001331	0.0029	1.00
T	0.001336	-0.0037	1.00
C	0.000947	-0.0060	0.99
T	0.001589	-0.0013	1.00
G	0.000632	-0.0012	0.99
G	0.000889	-0.0101	0.99
G	0.001348	-0.0174	0.99
G	0.003073	0.0377	0.98
C	0.002094	0.0222	0.99
A	0.001757	-0.0140	1.00
A	0.002485	0.0211	0.99
A	0.002449	0.0256	0.99
T	0.002192	-0.0059	1.00
G	0.002492	0.0126	0.99
T	0.001864	0.0032	1.00
T	0.001905	0.0074	1.00
G	0.003030	0.1479	0.90
T	0.003265	0.1138	0.94
A	0.003505	0.0663	0.98
C	0.002624	0.0670	0.96
G	0.000548	-0.0025	0.99
G	0.001607	0.0188	0.99
C	0.000664	-0.0039	0.99
C	0.000741	-0.0013	1.00
G	0.002695	0.0178	0.99
G	0.000585	0.0001	0.99
G	0.000638	-0.0050	0.99
G	0.000912	-0.0089	0.99
G	0.000865	-0.0088	0.99
G	0.001581	-0.0001	1.00
G	0.000947	-0.0076	0.99
T	0.001521	-0.0033	1.00
C	0.001079	0.0029	0.99
C	0.001170	-0.0020	1.00
C	0.000812	-0.0010	1.00
T	0.001412	-0.0035	1.00
G	0.001481	0.0054	1.00
A	0.001518	-0.0027	1.00
G	0.000764	-0.0045	0.99
A	0.000964	-0.0106	0.99
C	0.001313	0.0038	0.99
T	0.001439	0.0044	1.00
C	0.001050	-0.0038	1.00
T	0.001850	0.0087	1.00
C	0.000994	0.0007	1.00
C	0.001479	-0.0007	1.00
T	0.001940	0.0034	1.00
G	0.002697	0.0239	0.99
T	0.001653	-0.0066	1.00
A	0.002297	-0.0126	1.00
A	0.001307	-0.0165	0.99
A	0.001630	-0.0180	0.99
G	0.000922	-0.0049	0.99
C	0.002883	0.0079	1.00
G	0.000608	-0.0037	0.99
T	0.001434	-0.0003	1.00
C	0.001070	0.0034	1.00
C	0.001637	-0.0007	1.00
G	0.001283	-0.0052	1.00
G	0.002659	0.0416	0.98
A	0.002059	-0.0073	1.00
T	0.002788	0.0257	0.99
T	0.001329	-0.0004	1.00
C	0.001737	0.0034	1.00
A	0.002485	0.0106	1.00
T	0.001454	0.0099	0.99
C	0.001806	0.0220	0.99
T	0.002970	0.0550	0.97
T	0.002010	0.0079	1.00
T	0.001554	0.0068	1.00
G	0.001476	-0.0156	0.99
A	0.001904	-0.0044	1.00
A	0.002386	0.0147	0.99
A	0.002787	0.0571	0.97
A	0.002446	0.0026	1.00
T	0.002499	0.0306	0.99
T	0.002616	0.0644	0.97
T	0.003861	0.0981	0.96
T	0.001875	0.0246	0.99
G	0.000638	-0.0041	0.99
G	0.003155	0.0386	0.98
T	0.001047	-0.0072	1.00
T	0.002630	0.0242	0.99
T	0.002730	0.0395	0.98
T	0.001426	0.0041	1.00
A	0.001971	0.0094	1.00
G	0.003502	0.1723	0.91
T	0.003597	0.1317	0.93
T	0.001693	-0.0129	1.00
G	0.000418	-0.0046	0.99
G	0.000798	-0.0040	0.99
G	0.000719	-0.0043	0.99
T	0.001428	-0.0039	1.00
C	0.000472	-0.0040	0.98
C	0.000953	-0.0011	1.00
G	0.000676	-0.0038	0.99
C	0.001391	-0.0057	1.00
C	0.000362	-0.0042	0.98
A	0.002178	0.0095	1.00
G	0.003118	0.0141	1.00
G	0.003563	0.0725	0.97
C	0.003189	0.0504	0.98
T	0.001391	-0.0040	1.00
C	0.001154	-0.0101	0.99
C	0.000986	-0.0010	1.00
A	0.001748	0.0007	1.00
G	0.000677	-0.0108	0.98
G	0.001683	0.0108	0.99
G	0.002485	-0.0011	1.00
A	0.002161	0.0125	1.00
A	0.001526	-0.0100	1.00
G	0.000417	-0.0024	0.99
G	0.000755	-0.0076	0.99
G	0.000489	-0.0065	0.98
G	0.003681	0.0496	0.98
C	0.000712	-0.0028	0.99
T	0.001354	-0.0084	1.00
T	0.001268	-0.0006	1.00
C	0.001383	-0.0043	1.00
A	0.002178	0.0166	0.99
G	0.002764	0.0450	0.98
T	0.001893	0.0086	1.00
G	0.000567	-0.0013	0.99
G	0.000831	-0.0047	0.99
G	0.000812	-0.0064	0.99
T	0.002265	0.0122	1.00
C	0.000842	-0.0024	0.99
G	0.001219	-0.0045	1.00
C	0.001112	0.0027	1.00
T	0.001703	-0.0025	1.00
G	0.001907	-0.0062	1.00
G	0.003158	0.1474	0.90
T	0.003132	0.0700	0.97
C	0.003837	0.1003	0.96
T	0.002254	0.0220	0.99
T	0.002804	0.0363	0.98
A	0.003154	0.0539	0.98
A	0.003256	0.0723	0.97
T	0.002644	0.0429	0.98
T	0.001660	0.0011	1.00
G	0.000701	-0.0088	0.99
G	0.000902	-0.0078	0.99
A	0.002124	0.0273	0.99
A	0.003553	0.0726	0.97
T	0.002438	0.0495	0.98
G	0.001953	0.0042	1.00
G	0.002487	0.0224	0.99
T	0.002234	0.0093	1.00
G	0.002010	0.0053	1.00
G	0.003470	0.1527	0.90
T	0.003080	0.0671	0.97
G	0.003006	0.0212	0.99
A	0.002659	0.1002	0.94
C	0.003562	0.1773	0.89
A	0.002352	-0.0044	1.00
C	0.002240	0.0063	1.00
A	0.001840	-0.0123	1.00
C	0.002015	0.0071	1.00
G	0.003279	0.0645	0.97
T	0.002304	0.0092	1.00
T	0.002585	0.0334	0.99
A	0.004049	0.0993	0.96
T	0.002073	-0.0073	1.00
G	0.003609	0.1322	0.93
C	0.001618	-0.0157	1.00
A	0.001794	0.0018	1.00
G	0.000461	-0.0050	0.98
A	0.000937	-0.0095	0.99
C	0.001259	0.0047	1.00
T	0.001458	0.0060	1.00
C	0.001143	0.0024	1.00
T	0.001565	-0.0012	1.00
G	0.002586	0.0243	0.99
T	0.001812	0.0061	1.00
G	0.001238	-0.0073	1.00
A	0.001661	-0.0008	1.00
A	0.001423	-0.0065	1.00
G	0.000445	-0.0027	0.99
G	0.000644	-0.0008	1.00
G	0.000742	-0.0027	0.99
C	0.000912	-0.0031	1.00
C	0.000255	-0.0026	0.98
G	0.002448	0.0218	0.99
A	0.002477	0.0169	0.99
T	0.002848	0.0233	0.99
T	0.001320	0.0012	1.00
C	0.001736	0.0027	1.00
A	0.002557	0.0065	1.00
G	0.001463	0.0029	1.00
A	0.001134	-0.0054	1.00
A	0.003120	0.0279	0.99
T	0.001726	0.0023	1.00
G	0.002014	0.0175	0.99
T	0.001813	0.0075	1.00
C	0.000922	-0.0063	0.99
C	0.000995	-0.0010	1.00
A	0.001068	-0.0115	0.99
G	0.001236	0.0052	1.00
A	0.001920	0.0062	1.00
G	0.000716	-0.0036	0.99
A	0.001954	0.0121	0.99
C	0.000857	-0.0075	0.99
A	0.002179	-0.0027	1.00
A	0.003139	0.0185	0.99
C	0.002091	0.0005	1.00
T	0.001272	0.0069	0.99
C	0.001492	-0.0082	1.00
C	0.000480	-0.0048	0.98
A	0.001935	0.0046	1.00
G	0.002325	0.0022	1.00
G	0.001221	-0.0043	1.00
A	0.001404	-0.0082	1.00
A	0.002945	0.0434	0.99
T	0.003492	0.0915	0.96
T	0.001364	-0.0104	1.00
T	0.001574	-0.0044	1.00
T	0.001250	-0.0043	1.00
G	0.000834	-0.0027	1.00
T	0.001942	0.0028	1.00
G	0.002701	0.0547	0.97
T	0.002506	0.0561	0.97
A	0.004176	0.1415	0.94
T	0.001341	-0.0134	0.99
T	0.002308	0.0686	0.95
T	0.002095	0.0169	0.99
G	0.002517	0.0403	0.98
G	0.002907	0.1115	0.93
A	0.002347	-0.0083	1.00
C	0.003486	0.0537	0.97
A	0.003378	0.0627	0.97
T	0.001903	-0.0028	1.00
G	0.001723	0.0119	0.99
G	0.001973	0.0057	1.00
A	0.002908	0.0151	0.99
T	0.002951	0.0303	0.99
A	0.002409	0.0097	0.99
A	0.001656	0.0247	0.98
A	0.001329	-0.0033	1.00
G	0.001029	-0.0058	1.00
T	0.001462	-0.0018	1.00
G	0.001490	0.0052	1.00
G	0.001525	-0.0013	1.00
G	0.001357	-0.0016	1.00
A	0.001604	-0.0121	0.99
G	0.001387	0.0231	0.98
T	0.004285	0.1292	0.94
C	0.000585	-0.0084	0.98
G	0.001282	0.0015	1.00
A	0.001855	-0.0002	1.00
C	0.002840	0.0532	0.98
G	0.000801	0.0001	0.99
A	0.001738	-0.0058	1.00
C	0.001551	0.0109	0.99
A	0.002554	0.0114	1.00
C	0.001135	-0.0135	0.99
G	0.000583	-0.0035	0.99
G	0.001945	0.0141	0.99
C	0.000654	-0.0045	0.99
C	0.000717	-0.0020	1.00
T	0.002278	0.0005	1.00
T	0.001353	-0.0174	0.99
C	0.002907	0.1625	0.89
T	0.002460	0.0559	0.97
A	0.004176	0.1393	0.94
T	0.001227	-0.0090	1.00
T	0.001335	0.0089	0.99
A	0.002472	0.0229	0.99
C	0.001833	0.0224	0.99
T	0.001460	-0.0106	0.99
G	0.002626	0.0237	0.99
T	0.001548	-0.0049	1.00
G	0.001551	-0.0127	0.99
C	0.001360	-0.0188	0.99
G	0.001070	-0.0043	1.00
A	0.002314	0.0235	0.99
G	0.001393	-0.0030	1.00
A	0.002119	0.0192	0.99
G	0.000697	-0.0094	0.98
G	0.001806	0.0085	1.00
G	0.000942	-0.0034	1.00
A	0.001981	0.0021	1.00
C	0.001271	0.0021	1.00
C	0.001135	-0.0077	1.00
G	0.002543	0.0196	0.99
A	0.002416	0.0159	1.00
T	0.002472	0.0319	0.99
T	0.002839	0.0425	0.98
A	0.003199	0.0744	0.97
C	0.001560	-0.0037	1.00
A	0.002220	-0.0092	1.00
C	0.001690	0.0103	0.99
T	0.002180	0.0173	0.99
A	0.004125	0.1025	0.96
T	0.002362	0.0222	0.99
T	0.001521	-0.0072	1.00
G	0.000593	-0.0007	0.99
A	0.001709	0.0050	1.00
C	0.000602	-0.0066	0.99
G	0.000795	-0.0042	0.99
A	0.001674	-0.0020	1.00
C	0.001175	0.0040	1.00
G	0.002096	0.0026	1.00
C	0.002014	0.0099	0.99
G	0.000811	-0.0097	0.99
G	0.001093	-0.0144	0.99
G	0.003357	0.0505	0.97
G	0.003351	0.0982	0.95
A	0.002621	-0.0085	1.00
T	0.001776	0.0058	1.00
C	0.001638	-0.0064	1.00
C	0.001256	-0.0038	1.00
A	0.002691	0.0141	0.99
T	0.002700	0.0246	0.99
T	0.002860	0.0434	0.98
A	0.003448	0.0537	0.98
C	0.002397	0.0434	0.97
C	0.002326	0.0163	0.99
A	0.004112	0.0886	0.96
A	0.001875	0.0240	0.99
G	0.001846	0.0088	0.99
G	0.003177	0.0318	0.99
T	0.002683	0.0211	0.99
T	0.001477	-0.0001	1.00
C	0.002774	0.0488	0.97
G	0.000417	-0.0086	0.96
G	0.000884	-0.0111	0.99
G	0.003110	0.0447	0.98
G	0.000857	-0.0029	1.00
A	0.001931	0.0027	1.00
C	0.001117	-0.0009	1.00
C	0.001996	0.0288	0.98
T	0.002845	0.0318	0.99
T	0.003522	0.0596	0.98
C	0.002565	0.0483	0.97
T	0.001564	-0.0076	1.00
G	0.001319	-0.0136	0.99
G	0.002157	0.0613	0.95
T	0.003612	0.1144	0.94
A	0.003314	0.0427	0.98
C	0.002194	0.0123	0.99
T	0.002468	0.0197	0.99
T	0.001369	-0.0009	1.00
C	0.002245	0.0008	0.99
G	0.002720	0.0343	0.98
A	0.002459	-0.0013	1.00
T	0.001802	-0.0097	1.00
C	0.002113	0.0155	0.99
T	0.001183	-0.0015	1.00
C	0.001264	-0.0005	1.00
T	0.001590	-0.0004	1.00
G	0.000307	-0.0019	0.98
G	0.000230	-0.0025	0.97
G	0.000346	-0.0039	0.98
G	0.000768	-0.0034	1.00
C	0.000783	-0.0008	1.00
C	0.000379	-0.0014	0.99
G	0.002583	0.0196	0.99
T	0.002280	0.0127	1.00
G	0.000951	-0.0075	0.99
G	0.002795	0.0469	0.98
C	0.002720	0.0858	0.94
A	0.002771	0.0002	1.00
C	0.002047	-0.0224	1.00
C	0.001346	-0.0079	0.99
C	0.000842	-0.0033	1.00
T	0.002591	0.0199	0.99
G	0.001383	-0.0074	1.00
G	0.001120	0.0043	1.00
T	0.001389	-0.0011	1.00
C	0.000731	-0.0046	0.99
A	0.002516	0.0170	1.00
G	0.001976	0.0190	0.99
T	0.001309	-0.0067	1.00
G	0.000752	-0.0059	0.99
T	0.001445	0.0034	1.00
C	0.000852	-0.0018	0.99
T	0.001861	0.0077	1.00
C	0.001019	-0.0008	1.00
T	0.001596	0.0103	0.99
T	0.001424	-0.0022	1.00
C	0.001472	-0.0090	1.00
A	0.002597	0.0168	0.99
