C	0.002247	0.0069	1.00
A	0.002779	0.0212	0.99
G	0.002113	0.0096	1.00
G	0.002640	0.0291	0.99
T	0.002364	-0.0005	1.00
G	0.002456	-0.0089	1.00
C	0.002120	-0.0203	1.00
A	0.002400	-0.0232	1.00
G	0.003178	0.0970	0.95
C	0.003909	0.1518	0.92
T	0.002161	-0.0014	1.00
A	0.003277	0.0438	0.98
C	0.001609	-0.0164	1.00
A	0.001825	-0.0022	1.00
G	0.001631	0.0182	0.99
G	0.000878	-0.0120	0.99
A	0.002366	0.0195	0.99
G	0.001470	0.0041	1.00
T	0.001577	0.0061	1.00
C	0.001073	0.0026	1.00
G	0.000267	-0.0049	0.96
G	0.000698	-0.0014	1.00
G	0.000917	-0.0049	1.00
C	0.000874	-0.0068	0.99
C	0.000565	-0.0020	0.99
C	0.000652	-0.0005	0.99
G	0.001967	0.0011	1.00
G	0.001558	0.0066	1.00
G	0.000835	0.0007	1.00
A	0.001757	0.0092	1.00
G	0.000891	-0.0088	0.99
T	0.001520	-0.0059	1.00
G	0.001752	-0.0117	1.00
G	0.002549	0.0256	0.99
T	0.002445	0.0183	0.99
G	0.001587	-0.0108	1.00
A	0.001893	-0.0015	1.00
A	0.003162	0.0415	0.99
G	0.000950	-0.0074	0.99
T	0.002948	0.0189	0.99
C	0.000732	-0.0020	1.00
T	0.002539	0.0005	1.00
T	0.001611	-0.0043	1.00
C	0.002998	0.0558	0.97
G	0.000932	-0.0058	0.99
G	0.001437	-0.0046	1.00
A	0.001914	0.0075	1.00
G	0.000888	-0.0055	1.00
A	0.002141	0.0150	1.00
C	0.001364	0.0019	1.00
C	0.001383	-0.0057	1.00
C	0.000949	-0.0028	1.00
T	0.001946	0.0079	1.00
G	0.000942	-0.0110	0.99
T	0.001796	0.0055	1.00
C	0.001113	0.0057	1.00
C	0.001317	-0.0019	1.00
C	0.001354	0.0080	1.00
T	0.001420	0.0032	1.00
C	0.000856	-0.0067	0.99
A	0.002629	0.0138	1.00
C	0.001551	0.0127	0.99
T	0.002362	0.0370	0.98
T	0.001923	-0.0201	0.99
G	0.002984	0.0430	0.98
C	0.001734	-0.0160	1.00
A	0.003152	0.0572	0.98
C	0.002091	0.0231	0.99
T	0.001500	-0.0093	1.00
G	0.000858	-0.0076	0.99
T	0.001587	0.0024	1.00
C	0.000908	-0.0008	1.00
T	0.001327	-0.0038	1.00
C	0.001230	0.0034	1.00
T	0.001812	-0.0018	1.00
G	0.001754	-0.0110	1.00
G	0.002566	0.0247	0.99
T	0.002397	0.0109	1.00
G	0.000881	-0.0052	0.99
G	0.003950	0.0873	0.96
C	0.001108	-0.0029	1.00
T	0.001456	-0.0034	1.00
C	0.000946	-0.0058	0.99
C	0.001310	-0.0020	1.00
A	0.003360	0.0345	0.99
T	0.001814	-0.0026	1.00
G	0.001910	0.0157	0.99
G	0.002523	0.0114	1.00
G	0.003522	0.2106	0.86
T	0.003047	0.0509	0.98
G	0.003292	0.0269	0.99
G	0.003063	0.0798	0.96
G	0.001969	-0.0158	1.00
A	0.003137	0.0540	0.98
C	0.003573	0.0631	0.98
T	0.002507	0.0502	0.97
T	0.002782	0.0216	0.99
A	0.003751	0.0697	0.98
T	0.002697	0.0584	0.97
T	0.001620	-0.0078	1.00
G	0.000812	-0.0077	0.99
G	0.000789	-0.0064	0.99
A	0.001961	0.0005	1.00
G	0.003547	0.1986	0.88
T	0.003681	0.1493	0.92
T	0.001936	-0.0143	1.00
G	0.001158	-0.0141	0.99
G	0.001738	0.0004	1.00
C	0.002291	-0.0017	1.00
T	0.002139	0.0035	1.00
G	0.001911	0.0089	0.99
C	0.001067	-0.0074	1.00
G	0.000608	-0.0040	0.99
C	0.002909	0.0277	0.99
C	0.000729	-0.0049	0.99
T	0.002223	-0.0179	1.00
G	0.001181	-0.0045	1.00
T	0.004845	0.2183	0.89
C	0.000918	-0.0115	0.99
C	0.000925	-0.0127	0.98
C	0.000667	-0.0010	0.99
C	0.000673	-0.0013	0.99
C	0.001899	0.0016	1.00
G	0.000802	-0.0135	0.97
G	0.001795	0.0138	0.99
G	0.002688	0.0021	1.00
A	0.002304	0.0163	0.99
A	0.001898	-0.0157	1.00
G	0.000593	-0.0050	0.99
G	0.001640	0.0085	1.00
G	0.000885	-0.0029	1.00
A	0.001791	0.0067	1.00
C	0.000870	-0.0088	0.99
T	0.001519	-0.0062	1.00
G	0.001372	0.0001	1.00
G	0.001538	-0.0043	1.00
A	0.002323	0.0214	0.99
A	0.002910	0.0527	0.98
T	0.002039	0.0108	1.00
G	0.001413	-0.0091	1.00
G	0.001828	0.0009	1.00
A	0.001997	-0.0034	1.00
T	0.002490	0.0011	1.00
T	0.001730	0.0027	1.00
G	0.000922	-0.0111	0.99
G	0.002623	0.0096	0.99
C	0.003696	0.2622	0.83
T	0.003127	0.0821	0.96
A	0.004079	0.0958	0.96
T	0.002417	0.0156	0.99
A	0.004361	0.1208	0.95
T	0.001675	-0.0060	1.00
C	0.002544	0.0651	0.96
T	0.002605	0.0309	0.99
T	0.004272	0.1203	0.95
T	0.002093	0.0091	1.00
C	0.003108	0.0510	0.98
A	0.003415	0.0829	0.96
T	0.001937	0.0334	0.98
A	0.002619	0.0132	0.99
C	0.002364	0.0177	0.99
T	0.002011	0.0120	1.00
G	0.001078	-0.0033	1.00
G	0.002063	0.0080	1.00
A	0.002310	0.0262	0.99
G	0.002012	-0.0005	1.00
A	0.002907	0.0222	0.98
G	0.004166	0.1995	0.89
A	0.003176	-0.0013	1.00
C	0.002880	-0.0060	1.00
C	0.001797	0.0013	1.00
A	0.002340	-0.0021	1.00
A	0.003275	0.0286	0.99
T	0.003549	0.0692	0.97
T	0.002787	0.0187	0.99
A	0.003681	0.0456	0.98
C	0.002085	0.0010	1.00
A	0.002507	-0.0024	1.00
G	0.003116	-0.0077	1.00
T	0.003781	0.0904	0.96
C	0.002362	0.0011	1.00
C	0.000997	-0.0071	0.99
C	0.001333	0.0092	0.99
T	0.001729	0.0000	1.00
C	0.001356	-0.0009	1.00
C	0.001347	-0.0037	1.00
C	0.001297	0.0095	0.99
T	0.001480	-0.0002	1.00
G	0.001404	0.0043	0.99
A	0.002035	-0.0022	1.00
A	0.002635	0.0025	1.00
G	0.001146	-0.0019	1.00
G	0.001673	-0.0031	1.00
G	0.001375	0.0062	0.99
T	0.001540	0.0068	1.00
C	0.000528	-0.0087	0.97
G	0.001066	-0.0096	0.99
A	0.002378	0.0173	0.99
G	0.001460	0.0048	1.00
T	0.001701	0.0124	0.99
C	0.000947	-0.0088	0.99
T	0.002697	0.0118	1.00
C	0.001496	0.0041	1.00
C	0.001302	-0.0052	1.00
A	0.002784	0.0206	0.99
T	0.003010	0.0526	0.98
A	0.004159	0.1211	0.95
T	0.001581	0.0022	1.00
C	0.001196	-0.0032	1.00
A	0.002571	0.0114	1.00
G	0.003194	0.2051	0.86
T	0.002883	0.0546	0.98
G	0.003088	0.1008	0.95
G	0.000844	-0.0027	1.00
A	0.002057	0.0130	1.00
C	0.001781	0.0096	0.99
A	0.002748	0.0159	0.99
C	0.001526	-0.0121	1.00
G	0.001538	0.0058	0.99
T	0.001801	0.0052	1.00
C	0.000923	-0.0043	1.00
C	0.001594	0.0093	0.99
G	0.002242	0.0019	1.00
A	0.002608	0.0024	1.00
G	0.001459	-0.0071	1.00
G	0.001560	-0.0098	1.00
A	0.003528	0.0359	0.99
C	0.003782	0.1056	0.95
C	0.001724	-0.0082	1.00
A	0.002359	-0.0017	1.00
G	0.003384	0.0559	0.98
T	0.002524	0.0238	0.99
T	0.001609	-0.0002	1.00
C	0.002624	0.0295	0.99
T	0.001993	0.0098	0.99
C	0.001456	-0.0010	1.00
C	0.001277	-0.0012	1.00
C	0.000916	-0.0026	1.00
T	0.001620	-0.0051	1.00
G	0.001708	0.0074	1.00
A	0.001897	-0.0003	1.00
G	0.003102	0.0394	0.99
A	0.003503	0.0870	0.96
C	0.003596	0.1491	0.91
T	0.001737	-0.0164	1.00
G	0.001517	0.0111	0.99
A	0.002216	0.0112	0.99
G	0.003761	0.2030	0.88
G	0.003269	0.0631	0.97
T	0.001549	-0.0096	1.00
C	0.001574	-0.0024	1.00
T	0.001668	0.0004	1.00
G	0.002661	0.0318	0.99
T	0.001932	0.0098	1.00
G	0.001043	0.0034	1.00
A	0.002161	0.0065	1.00
C	0.001454	0.0033	1.00
C	0.001334	-0.0032	1.00
G	0.003818	0.1019	0.96
C	0.002440	0.0653	0.96
T	0.002021	0.0007	1.00
G	0.002490	0.0331	0.99
C	0.003394	0.0862	0.96
G	0.001777	-0.0095	1.00
G	0.000956	-0.0045	0.99
A	0.001894	-0.0072	1.00
C	0.001696	0.0102	0.99
A	0.002736	0.0155	0.99
C	0.001288	-0.0156	0.99
G	0.000691	-0.0049	0.99
G	0.002056	0.0163	0.99
C	0.000989	-0.0027	1.00
C	0.000530	-0.0045	0.99
G	0.002972	0.0336	0.98
T	0.002225	0.0082	1.00
C	0.003033	0.2139	0.85
T	0.002771	0.0589	0.97
A	0.004194	0.1095	0.96
T	0.002122	0.0087	1.00
T	0.003126	0.0523	0.98
T	0.003554	0.0685	0.98
T	0.002554	0.0579	0.96
T	0.001659	-0.0116	1.00
G	0.002776	0.0295	0.99
T	0.001709	-0.0047	1.00
G	0.001739	-0.0131	1.00
C	0.001493	-0.0194	0.99
C	0.001245	-0.0063	1.00
A	0.002364	0.0168	0.99
G	0.001484	0.0039	1.00
T	0.001522	-0.0049	1.00
C	0.000997	-0.0045	1.00
T	0.002207	0.0240	0.99
G	0.000785	-0.0045	0.99
C	0.003258	0.0390	0.98
C	0.000737	-0.0054	0.99
C	0.000821	-0.0043	0.99
A	0.001921	0.0019	1.00
G	0.000366	-0.0020	0.99
G	0.000518	-0.0013	0.99
G	0.000396	-0.0046	0.98
G	0.000856	-0.0043	1.00
C	0.000702	-0.0022	1.00
C	0.000420	-0.0050	0.99
A	0.002233	0.0066	1.00
A	0.003829	0.0852	0.97
T	0.002019	0.0043	1.00
T	0.002577	0.0292	0.99
A	0.002594	-0.0054	1.00
G	0.001287	-0.0057	1.00
T	0.001743	0.0107	0.99
C	0.000800	-0.0064	0.99
A	0.002344	0.0036	1.00
A	0.004030	0.0852	0.97
T	0.002507	0.0361	0.98
G	0.001329	0.0077	0.99
C	0.002627	0.0255	0.99
C	0.001050	0.0020	1.00
T	0.002918	0.0403	0.98
A	0.003620	0.0704	0.97
C	0.002241	0.0175	0.99
T	0.002154	0.0037	1.00
T	0.002177	0.0087	1.00
T	0.001737	0.0083	1.00
C	0.000788	-0.0037	0.99
G	0.002088	0.0179	0.99
C	0.001543	0.0285	0.98
A	0.002577	0.0229	0.99
A	0.003817	0.0675	0.97
T	0.002710	0.0578	0.97
T	0.001609	-0.0077	1.00
G	0.000324	-0.0018	0.99
G	0.000262	-0.0029	0.97
G	0.000391	-0.0039	0.98
G	0.000846	-0.0033	1.00
C	0.000705	-0.0031	0.99
C	0.000430	-0.0046	0.98
G	0.002408	0.0097	1.00
C	0.004203	0.1324	0.94
G	0.001578	-0.0083	1.00
G	0.001892	-0.0015	1.00
A	0.002062	-0.0128	1.00
T	0.003427	0.0376	0.99
C	0.003902	0.0894	0.96
T	0.002028	-0.0117	1.00
C	0.001214	-0.0095	0.99
T	0.002693	0.0266	0.99
G	0.001515	-0.0079	1.00
G	0.001210	0.0055	0.99
T	0.001518	-0.0009	1.00
C	0.000830	-0.0063	0.99
T	0.002721	0.0116	1.00
C	0.001555	-0.0001	1.00
C	0.001010	-0.0072	1.00
G	0.001146	-0.0028	1.00
T	0.001625	0.0012	1.00
C	0.000947	-0.0016	1.00
A	0.001992	0.0104	0.99
C	0.001115	-0.0000	1.00
C	0.001681	0.0147	0.99
G	0.001552	-0.0010	1.00
C	0.001643	-0.0093	1.00
A	0.002803	0.0199	0.99
