C	0.002087	-0.0005	1.00
A	0.002607	0.0130	1.00
G	0.001905	0.0091	1.00
G	0.002475	0.0213	0.99
T	0.002169	-0.0042	1.00
G	0.002224	-0.0132	1.00
C	0.001960	-0.0252	0.99
A	0.002194	-0.0259	0.99
A	0.003201	0.0788	0.96
C	0.003961	0.1263	0.93
T	0.001626	-0.0133	0.99
A	0.001626	-0.0121	1.00
G	0.002510	0.0169	0.99
C	0.002168	-0.0051	1.00
C	0.002226	-0.0146	1.00
C	0.001854	-0.0266	0.99
A	0.002981	0.0327	0.99
A	0.001718	0.0212	0.99
T	0.001377	-0.0060	1.00
A	0.000964	-0.0052	0.99
T	0.001569	-0.0019	1.00
G	0.000610	-0.0018	1.00
G	0.000844	-0.0095	0.99
T	0.000495	-0.0077	0.98
G	0.003814	0.0394	0.99
G	0.000722	-0.0037	0.99
T	0.001041	-0.0117	0.98
G	0.001362	0.0021	1.00
G	0.001871	-0.0018	1.00
G	0.002498	0.0161	0.99
G	0.002287	0.0229	0.99
T	0.002238	0.0124	0.99
G	0.001442	-0.0118	1.00
A	0.001762	-0.0050	1.00
A	0.003050	0.0456	0.98
G	0.001345	-0.0077	1.00
A	0.001720	-0.0067	1.00
G	0.002994	0.0310	0.99
G	0.000824	-0.0064	0.99
C	0.002826	0.0097	0.99
T	0.000679	-0.0016	0.99
A	0.002530	0.0167	0.99
G	0.000571	-0.0001	1.00
G	0.000557	-0.0031	0.99
G	0.000344	-0.0041	0.98
G	0.000762	-0.0046	0.99
C	0.000561	-0.0024	0.99
C	0.000517	-0.0041	0.98
A	0.001309	-0.0009	1.00
C	0.000511	-0.0033	0.99
A	0.002350	0.0072	1.00
A	0.002237	0.0125	1.00
T	0.001516	-0.0021	1.00
G	0.001243	-0.0099	0.99
A	0.001686	-0.0029	1.00
C	0.002201	-0.0214	1.00
C	0.002064	0.0198	0.99
C	0.003308	0.0599	0.97
T	0.002978	0.0525	0.98
T	0.002309	0.0022	1.00
T	0.001645	-0.0098	1.00
C	0.002931	0.0487	0.98
C	0.001937	-0.0102	1.00
T	0.001758	-0.0198	0.99
G	0.002883	0.0285	0.99
C	0.001671	0.0161	0.99
G	0.002239	-0.0052	1.00
T	0.003941	0.1062	0.95
G	0.000528	-0.0045	0.99
G	0.002820	-0.0165	1.00
C	0.000947	-0.0085	0.99
A	0.002633	0.0030	1.00
T	0.001925	-0.0034	1.00
C	0.002948	0.0641	0.97
T	0.001646	-0.0030	1.00
G	0.001297	-0.0077	1.00
G	0.002411	0.0377	0.98
A	0.002295	-0.0101	1.00
T	0.003644	0.1064	0.95
A	0.003094	0.0622	0.97
C	0.001800	-0.0080	1.00
A	0.002917	0.0309	0.99
C	0.001570	0.0049	1.00
C	0.001884	0.0181	0.99
T	0.002335	-0.0018	1.00
T	0.001537	-0.0039	1.00
C	0.003318	0.1955	0.87
A	0.002632	-0.0009	1.00
A	0.003100	0.0665	0.98
C	0.002988	0.0319	0.98
G	0.002297	0.0016	1.00
A	0.003072	0.0784	0.96
C	0.003603	0.1275	0.93
T	0.002932	0.0203	0.99
A	0.003531	0.0508	0.98
C	0.002457	0.0386	0.98
T	0.002295	0.0131	0.99
A	0.004202	0.1109	0.96
C	0.002167	0.0092	1.00
A	0.004088	0.1478	0.94
T	0.002181	-0.0006	1.00
A	0.002997	0.1235	0.92
C	0.002330	0.0159	0.99
A	0.002823	0.0445	0.98
T	0.002157	0.0136	0.99
T	0.001535	-0.0101	0.99
G	0.000479	-0.0073	0.97
G	0.000979	-0.0099	0.99
G	0.002324	0.0068	1.00
T	0.002065	-0.0034	1.00
G	0.001457	-0.0123	0.99
C	0.001051	-0.0199	0.98
G	0.000634	-0.0035	0.99
G	0.002417	0.0118	1.00
C	0.000437	-0.0046	0.98
A	0.001364	-0.0051	1.00
G	0.000371	-0.0012	0.99
G	0.000761	-0.0031	0.99
C	0.000670	-0.0044	0.99
C	0.000414	-0.0029	0.99
C	0.000648	-0.0016	0.99
C	0.000697	-0.0001	1.00
T	0.002711	0.0142	1.00
G	0.001113	-0.0047	1.00
G	0.000668	-0.0041	0.99
A	0.001564	-0.0043	1.00
C	0.000850	-0.0104	0.99
A	0.002057	0.0010	1.00
A	0.004415	0.1005	0.96
G	0.000730	-0.0099	0.98
G	0.000686	-0.0031	0.99
C	0.003548	0.0450	0.98
T	0.000925	0.0002	1.00
T	0.002051	-0.0065	1.00
T	0.001320	-0.0115	0.99
G	0.001303	0.0061	1.00
A	0.001924	0.0039	1.00
G	0.002826	0.0383	0.99
T	0.001905	0.0052	1.00
T	0.001127	-0.0057	1.00
G	0.001588	-0.0019	1.00
T	0.003133	0.0476	0.98
T	0.002459	0.0151	1.00
G	0.000805	-0.0129	0.98
G	0.001653	0.0004	1.00
G	0.002586	-0.0028	1.00
A	0.002168	0.0224	0.99
T	0.003602	0.0876	0.96
A	0.002563	0.0225	0.99
C	0.003252	0.0189	0.99
A	0.003759	0.0740	0.97
T	0.001620	0.0083	1.00
C	0.001853	-0.0001	0.99
G	0.002219	0.0017	1.00
A	0.002810	-0.0119	1.00
C	0.003684	0.0715	0.97
C	0.001910	-0.0142	1.00
C	0.001235	-0.0156	0.99
C	0.003014	0.0379	0.99
G	0.003125	0.0388	0.99
C	0.002391	0.0109	0.99
T	0.001913	0.0054	1.00
A	0.001846	0.0038	1.00
A	0.002524	0.0155	1.00
T	0.002227	0.0061	1.00
G	0.002017	0.0023	1.00
G	0.003527	0.1438	0.91
T	0.003111	0.0599	0.98
C	0.003018	0.0165	0.99
G	0.002674	0.0960	0.93
C	0.003618	0.1677	0.90
C	0.002418	-0.0094	1.00
C	0.002381	-0.0139	1.00
A	0.002126	-0.0024	1.00
G	0.003129	0.0119	1.00
A	0.003134	0.0692	0.97
C	0.003548	0.1264	0.93
T	0.002934	0.0213	0.99
A	0.003566	0.0423	0.99
C	0.001912	0.0246	0.99
G	0.003666	0.1076	0.95
C	0.001922	0.0237	0.99
A	0.001971	-0.0008	1.00
G	0.001499	-0.0025	1.00
G	0.001839	0.0036	1.00
G	0.001245	-0.0041	1.00
G	0.001500	-0.0020	1.00
C	0.002885	0.0139	1.00
G	0.003124	0.0367	0.98
T	0.002309	0.0181	0.99
T	0.001555	-0.0038	1.00
G	0.002844	0.0481	0.98
A	0.000814	-0.0146	0.97
G	0.001786	-0.0033	1.00
G	0.001563	-0.0197	0.99
G	0.000617	-0.0035	0.99
A	0.004411	0.4073	0.75
G	0.000667	0.0024	0.99
A	0.001537	-0.0044	1.00
G	0.001252	0.0017	1.00
A	0.001521	-0.0052	1.00
C	0.001343	0.0023	1.00
T	0.001580	0.0096	0.99
C	0.000840	-0.0083	0.99
T	0.002507	0.0060	1.00
C	0.001376	0.0017	1.00
C	0.001166	-0.0061	1.00
T	0.002617	0.0114	1.00
T	0.002789	0.0338	0.99
C	0.000874	-0.0079	0.99
T	0.001990	0.0015	1.00
A	0.001662	0.0106	0.99
C	0.001719	0.0019	1.00
A	0.001848	-0.0037	1.00
G	0.000563	-0.0081	0.98
G	0.001807	0.0043	1.00
G	0.000953	-0.0055	0.99
A	0.001703	-0.0063	1.00
C	0.001585	0.0066	1.00
A	0.002544	0.0087	1.00
A	0.001341	-0.0112	1.00
G	0.001426	0.0034	1.00
T	0.001636	0.0037	1.00
C	0.000892	-0.0048	1.00
C	0.001793	0.0252	0.98
A	0.002487	0.0049	1.00
T	0.001564	0.0026	1.00
G	0.001481	-0.0041	1.00
G	0.002155	-0.0029	1.00
A	0.002748	0.0063	0.99
G	0.004318	0.1673	0.92
A	0.002521	-0.0105	1.00
C	0.002328	0.0009	1.00
G	0.002364	0.0072	1.00
C	0.002009	0.0147	0.99
T	0.001504	-0.0065	1.00
G	0.001712	0.0626	0.94
T	0.003260	0.0596	0.98
A	0.003440	0.0341	0.99
C	0.001759	0.0105	0.99
A	0.002806	0.0238	0.99
T	0.002834	0.0148	0.99
G	0.001815	0.0182	0.99
G	0.001377	-0.0041	1.00
A	0.001872	-0.0036	1.00
C	0.003615	0.1667	0.90
C	0.003665	0.1241	0.94
T	0.001588	-0.0180	0.99
G	0.001539	0.0023	1.00
A	0.001883	0.0089	1.00
G	0.002849	0.0053	0.99
G	0.004254	0.1810	0.90
A	0.002398	-0.0265	1.00
G	0.000983	-0.0053	1.00
C	0.002718	0.0087	1.00
C	0.000745	-0.0034	1.00
T	0.001384	-0.0049	1.00
A	0.001434	0.0062	0.99
A	0.001552	-0.0041	1.00
G	0.002837	0.0389	0.98
A	0.002008	-0.0228	0.99
T	0.002155	-0.0179	1.00
A	0.003167	0.0574	0.97
T	0.001474	-0.0042	1.00
G	0.001335	0.0016	1.00
A	0.001834	0.0000	1.00
C	0.002857	0.0480	0.98
G	0.000821	-0.0020	1.00
A	0.001752	-0.0078	1.00
C	0.001576	0.0087	0.99
A	0.002559	0.0082	1.00
C	0.001103	-0.0137	0.99
G	0.000601	-0.0045	0.99
G	0.001913	0.0110	0.99
C	0.000861	-0.0022	0.99
C	0.000457	-0.0036	0.99
A	0.002871	0.0191	0.99
T	0.002052	0.0040	1.00
G	0.003123	0.1872	0.87
T	0.002667	0.0465	0.98
A	0.004043	0.0939	0.96
T	0.001961	0.0049	1.00
T	0.003016	0.0387	0.98
A	0.003494	0.0461	0.98
T	0.002454	0.0472	0.97
T	0.001456	-0.0112	1.00
G	0.002625	0.0189	0.99
T	0.001553	-0.0065	1.00
G	0.001550	-0.0137	0.99
T	0.001341	-0.0190	0.99
T	0.001096	-0.0069	0.99
A	0.002332	0.0194	0.99
G	0.001506	-0.0062	1.00
A	0.001920	0.0035	1.00
A	0.002280	0.0467	0.97
A	0.002251	-0.0007	1.00
T	0.003448	0.1232	0.94
G	0.002407	0.0294	0.99
T	0.001959	0.0003	1.00
G	0.001012	-0.0036	0.99
G	0.000830	-0.0086	0.99
G	0.003019	0.0436	0.98
G	0.000914	-0.0038	1.00
A	0.001973	-0.0003	1.00
C	0.001324	0.0005	1.00
C	0.001203	-0.0052	1.00
G	0.003737	0.0787	0.97
C	0.002162	0.0442	0.97
T	0.002492	-0.0030	1.00
G	0.002926	0.0318	0.99
G	0.002730	0.0959	0.94
C	0.003381	0.1796	0.88
A	0.002511	-0.0224	1.00
G	0.003451	0.0757	0.97
C	0.003374	0.0446	0.98
T	0.001479	0.0089	1.00
T	0.001089	-0.0048	1.00
G	0.003527	0.0796	0.96
C	0.002279	0.0545	0.96
T	0.001949	-0.0050	1.00
G	0.002915	0.0315	0.99
C	0.002085	-0.0126	1.00
A	0.002848	0.0130	1.00
T	0.002707	0.0175	0.99
T	0.002635	0.0588	0.97
A	0.004019	0.0895	0.96
T	0.001552	-0.0174	0.99
G	0.000828	-0.0067	0.99
A	0.001952	0.0125	1.00
C	0.001471	0.0239	0.98
C	0.002442	0.0137	1.00
A	0.003636	0.0514	0.98
C	0.002646	0.0433	0.98
T	0.001429	-0.0083	1.00
G	0.000279	-0.0012	0.99
G	0.000240	-0.0032	0.97
G	0.000342	-0.0040	0.97
G	0.000808	-0.0045	0.99
C	0.000644	-0.0038	0.99
T	0.000465	-0.0016	0.99
C	0.001697	0.0009	1.00
G	0.000647	-0.0105	0.97
G	0.001582	0.0031	1.00
G	0.002413	-0.0068	1.00
A	0.001971	-0.0167	0.99
A	0.003259	0.0241	0.99
G	0.003828	0.0680	0.97
C	0.001821	-0.0120	1.00
C	0.001101	-0.0093	0.99
C	0.002534	0.0163	0.99
G	0.001369	-0.0092	1.00
G	0.001133	0.0020	0.99
T	0.001354	-0.0016	1.00
C	0.000725	-0.0059	0.99
A	0.002553	0.0034	1.00
T	0.001394	-0.0012	1.00
C	0.000908	-0.0087	0.99
G	0.001045	-0.0047	1.00
T	0.001484	-0.0019	1.00
C	0.000856	-0.0027	0.99
T	0.001858	0.0047	1.00
C	0.001018	-0.0009	1.00
C	0.001624	0.0071	1.00
T	0.001441	-0.0047	1.00
C	0.001471	-0.0101	0.99
C	0.002624	0.0119	1.00
