C	0.002116	0.0041	1.00
A	0.002628	0.0183	1.00
G	0.001978	0.0082	1.00
G	0.002492	0.0250	0.99
T	0.002194	-0.0018	1.00
G	0.002267	-0.0099	1.00
C	0.001994	-0.0219	0.99
A	0.002208	-0.0216	1.00
G	0.003176	0.0886	0.95
C	0.003988	0.1341	0.93
T	0.001703	-0.0140	1.00
G	0.001669	-0.0110	1.00
G	0.002559	0.0195	0.99
T	0.002225	-0.0021	1.00
G	0.002243	-0.0100	1.00
C	0.001900	-0.0259	0.99
A	0.003004	0.0360	0.99
G	0.001712	0.0231	0.98
T	0.001391	-0.0040	1.00
C	0.000993	-0.0047	0.99
T	0.001636	-0.0032	1.00
G	0.000626	-0.0014	1.00
G	0.000882	-0.0097	0.99
G	0.000512	-0.0076	0.98
G	0.003842	0.0456	0.98
C	0.000736	-0.0028	1.00
T	0.001047	-0.0103	0.99
G	0.001385	0.0036	1.00
A	0.001863	0.0032	1.00
G	0.002505	0.0222	0.99
A	0.002271	0.0305	0.98
T	0.002236	0.0168	0.99
G	0.001474	-0.0114	1.00
A	0.001797	-0.0035	1.00
A	0.003057	0.0534	0.98
G	0.001356	-0.0059	1.00
A	0.001731	-0.0026	1.00
A	0.003043	0.0342	0.99
G	0.000866	-0.0072	0.99
C	0.002842	0.0139	0.99
C	0.000684	0.0002	0.99
T	0.002543	0.0203	0.99
G	0.000610	-0.0010	0.99
G	0.000593	-0.0039	0.99
G	0.000359	-0.0039	0.98
G	0.000768	-0.0030	1.00
C	0.000560	-0.0012	0.99
C	0.000493	-0.0015	0.99
T	0.001345	0.0012	1.00
C	0.000529	-0.0030	0.99
A	0.002359	0.0113	1.00
G	0.002281	0.0146	0.99
T	0.001551	-0.0008	1.00
G	0.001240	-0.0074	1.00
A	0.001727	-0.0013	1.00
G	0.001769	-0.0145	0.99
G	0.002032	0.0237	0.99
G	0.000668	-0.0109	0.98
T	0.002140	0.0156	0.99
C	0.000846	-0.0008	1.00
T	0.001861	0.0086	0.99
C	0.001014	0.0015	1.00
C	0.001623	-0.0035	1.00
T	0.001709	-0.0186	0.99
G	0.002905	0.0320	0.99
C	0.001729	0.0175	0.99
A	0.002208	0.0007	1.00
A	0.003381	0.1135	0.94
G	0.000635	-0.0064	0.99
G	0.003665	0.1339	0.93
C	0.000890	0.0004	1.00
T	0.002664	0.0367	0.99
T	0.001451	-0.0032	1.00
C	0.002705	0.0554	0.97
T	0.001629	0.0001	1.00
G	0.001312	-0.0063	1.00
G	0.002397	0.0438	0.98
A	0.002320	-0.0063	1.00
T	0.003651	0.1142	0.95
A	0.003028	0.0729	0.97
C	0.001826	-0.0049	1.00
A	0.002930	0.0358	0.99
C	0.001595	0.0076	1.00
C	0.001940	0.0189	0.99
T	0.002176	0.0009	1.00
T	0.001386	0.0019	1.00
C	0.001886	-0.0007	1.00
A	0.002581	0.0094	1.00
C	0.001549	-0.0030	1.00
C	0.000954	-0.0073	1.00
G	0.000742	-0.0084	0.99
A	0.003701	0.0730	0.97
C	0.001243	0.0127	0.99
T	0.002636	0.0244	0.99
A	0.003638	0.0574	0.98
C	0.002468	0.0428	0.98
T	0.002336	0.0166	0.99
A	0.004202	0.1192	0.95
T	0.002193	0.0110	1.00
A	0.004094	0.1565	0.93
T	0.002225	0.0025	1.00
A	0.002984	0.1304	0.92
C	0.002366	0.0186	0.99
A	0.002871	0.0483	0.98
C	0.002230	0.0157	0.99
T	0.001569	-0.0084	1.00
G	0.000488	-0.0063	0.98
G	0.000988	-0.0087	0.99
G	0.002372	0.0085	1.00
T	0.002104	0.0004	1.00
G	0.001501	-0.0109	1.00
C	0.001092	-0.0197	0.98
G	0.000658	-0.0034	0.99
A	0.002446	0.0164	0.99
C	0.000445	-0.0042	0.99
A	0.001402	-0.0036	1.00
G	0.000400	-0.0023	0.99
G	0.000774	-0.0025	1.00
C	0.000714	-0.0052	0.99
C	0.000438	-0.0032	0.99
C	0.000642	0.0001	1.00
C	0.000712	0.0005	0.99
T	0.002737	0.0176	1.00
G	0.001124	-0.0017	1.00
G	0.000691	-0.0039	0.99
A	0.001596	-0.0024	1.00
C	0.000891	-0.0106	0.99
A	0.002130	0.0023	1.00
A	0.004339	0.1152	0.95
G	0.000745	-0.0098	0.98
G	0.000737	-0.0042	0.99
G	0.003532	0.0532	0.98
C	0.000971	-0.0007	1.00
C	0.002068	-0.0023	1.00
T	0.001373	-0.0107	1.00
G	0.001344	0.0058	0.99
A	0.001975	0.0053	1.00
G	0.002813	0.0451	0.98
T	0.001909	0.0083	1.00
G	0.001174	-0.0059	1.00
G	0.001578	0.0017	1.00
A	0.003135	0.0522	0.98
T	0.002514	0.0176	0.99
G	0.000982	-0.0128	0.99
G	0.001749	0.0036	1.00
G	0.003296	0.0990	0.95
A	0.003209	0.0505	0.98
T	0.002613	0.0196	0.99
G	0.001478	-0.0044	1.00
G	0.001917	-0.0048	1.00
A	0.002182	-0.0044	1.00
T	0.001521	-0.0036	1.00
C	0.001796	-0.0025	1.00
A	0.002275	0.0025	1.00
A	0.002865	-0.0099	1.00
C	0.003679	0.0791	0.97
C	0.001928	-0.0129	1.00
C	0.001349	-0.0174	0.99
T	0.002479	0.0140	0.99
A	0.003353	0.0301	0.99
G	0.002801	0.0156	0.99
C	0.002769	0.0340	0.98
A	0.002405	0.0113	1.00
C	0.002431	0.0151	0.99
T	0.001935	0.0072	1.00
G	0.001861	0.0062	1.00
G	0.002430	0.0204	0.99
T	0.002237	0.0083	1.00
C	0.000981	-0.0075	1.00
G	0.002763	0.0504	0.97
C	0.002738	0.0866	0.94
A	0.002223	-0.0019	1.00
C	0.002198	-0.0136	1.00
A	0.001936	-0.0041	1.00
A	0.003504	0.0541	0.98
A	0.002715	0.0000	1.00
C	0.003083	0.0643	0.97
T	0.002287	0.0179	0.99
C	0.004265	0.0921	0.96
T	0.001996	-0.0060	1.00
C	0.003322	0.1353	0.92
C	0.002218	0.0217	0.99
A	0.002099	-0.0008	1.00
C	0.001492	0.0010	1.00
A	0.001863	0.0049	1.00
G	0.001296	-0.0049	1.00
A	0.001573	-0.0018	1.00
A	0.002872	0.0227	0.99
G	0.002943	0.0464	0.98
T	0.002132	0.0106	0.99
T	0.002230	0.0095	1.00
T	0.001480	0.0017	1.00
C	0.001724	-0.0016	1.00
A	0.002044	0.0047	1.00
G	0.001636	-0.0193	1.00
G	0.000624	-0.0023	0.99
G	0.004298	0.4226	0.74
C	0.000644	0.0034	1.00
A	0.001817	-0.0020	1.00
G	0.000554	-0.0073	0.98
G	0.001923	0.0083	1.00
G	0.000882	-0.0072	0.99
T	0.001396	0.0004	1.00
C	0.000728	-0.0047	0.99
A	0.002578	0.0071	1.00
C	0.001380	0.0035	1.00
C	0.001206	-0.0065	1.00
A	0.002648	0.0157	0.99
T	0.002767	0.0417	0.98
G	0.000897	-0.0076	0.99
A	0.001998	0.0053	1.00
C	0.001696	0.0134	0.99
C	0.001721	0.0054	1.00
A	0.001839	0.0005	1.00
G	0.000572	-0.0078	0.98
G	0.001818	0.0084	1.00
G	0.000981	-0.0048	0.99
A	0.001729	-0.0062	1.00
C	0.001605	0.0092	0.99
A	0.002576	0.0124	1.00
C	0.001373	-0.0098	0.99
G	0.001439	0.0045	1.00
T	0.001669	0.0057	1.00
C	0.000845	-0.0045	0.99
C	0.001187	-0.0019	1.00
A	0.003154	0.0297	0.99
T	0.001684	-0.0028	1.00
C	0.001863	0.0121	0.99
A	0.002230	0.0248	0.99
G	0.002482	0.0757	0.95
C	0.003767	0.1758	0.90
A	0.002468	-0.0044	1.00
C	0.002303	0.0049	1.00
A	0.002246	0.0079	1.00
G	0.001176	-0.0092	0.99
C	0.003130	0.0091	0.99
C	0.000954	0.0008	0.99
T	0.002816	0.0353	0.99
A	0.003531	0.0375	0.99
C	0.001758	0.0143	0.99
A	0.002876	0.0254	0.99
T	0.002841	0.0200	0.99
G	0.001838	0.0228	0.99
G	0.001387	-0.0026	1.00
A	0.001906	-0.0024	1.00
C	0.003523	0.1837	0.89
C	0.003714	0.1290	0.94
T	0.001608	-0.0158	0.99
G	0.001538	0.0073	1.00
A	0.001897	0.0106	1.00
A	0.002872	0.0101	0.99
C	0.004161	0.1963	0.89
A	0.002039	-0.0097	1.00
G	0.000633	-0.0070	0.99
A	0.004598	0.1334	0.94
C	0.000774	-0.0038	0.99
T	0.001095	-0.0107	0.99
G	0.001496	0.0060	1.00
A	0.001560	-0.0025	1.00
C	0.002868	0.0435	0.98
G	0.002090	-0.0233	0.99
T	0.002207	-0.0148	1.00
C	0.003168	0.0667	0.96
T	0.001466	-0.0020	1.00
G	0.000506	-0.0056	0.99
A	0.001758	0.0043	1.00
C	0.000614	-0.0064	0.99
G	0.000902	-0.0075	0.99
A	0.002315	0.0200	0.99
C	0.001687	0.0088	1.00
A	0.002647	0.0107	1.00
C	0.001184	-0.0145	0.99
G	0.000628	-0.0053	0.99
G	0.001961	0.0127	0.99
C	0.000905	-0.0024	0.99
C	0.000469	-0.0033	0.99
A	0.002840	0.0292	0.99
T	0.002103	0.0053	1.00
G	0.003055	0.1996	0.86
T	0.002675	0.0516	0.98
A	0.004064	0.1004	0.96
T	0.001968	0.0080	1.00
T	0.003024	0.0445	0.98
A	0.003464	0.0549	0.98
C	0.002494	0.0498	0.97
T	0.001478	-0.0092	1.00
G	0.002615	0.0251	0.99
T	0.001565	-0.0032	1.00
A	0.001575	-0.0129	0.99
C	0.001230	-0.0166	0.99
G	0.000759	-0.0056	0.99
A	0.001861	0.0025	1.00
C	0.001220	0.0049	0.99
C	0.000863	-0.0044	0.99
G	0.000392	-0.0050	0.98
G	0.000617	-0.0050	0.99
G	0.000995	-0.0109	0.99
G	0.001053	-0.0118	0.99
G	0.001994	-0.0067	1.00
G	0.002315	0.0091	1.00
T	0.002164	0.0115	1.00
G	0.001320	-0.0094	0.99
G	0.001766	-0.0012	1.00
A	0.002113	-0.0020	1.00
T	0.001643	-0.0018	1.00
C	0.001425	-0.0055	1.00
G	0.001098	-0.0065	0.99
G	0.001013	-0.0065	1.00
T	0.002122	0.0174	0.99
C	0.000767	-0.0041	0.99
T	0.002438	0.0066	1.00
T	0.002011	0.0070	1.00
T	0.003230	0.0679	0.97
A	0.003354	0.0564	0.98
C	0.002379	0.0440	0.98
T	0.002319	0.0174	0.99
C	0.004299	0.0890	0.97
T	0.001569	-0.0175	0.99
G	0.002506	0.0615	0.96
A	0.002318	0.0071	1.00
T	0.003179	0.0329	0.99
A	0.003109	0.0380	0.99
C	0.003564	0.1677	0.90
T	0.003024	0.0453	0.98
A	0.003069	0.0215	0.99
G	0.002447	0.0128	0.99
T	0.001943	0.0077	1.00
G	0.001945	0.0043	1.00
G	0.003032	0.0354	0.99
T	0.002174	0.0108	1.00
T	0.003023	0.0444	0.98
A	0.003556	0.0507	0.98
C	0.002260	0.0202	0.99
C	0.001387	-0.0029	1.00
C	0.001093	-0.0131	0.99
T	0.002495	0.0140	0.99
A	0.003433	0.0315	0.99
A	0.003053	0.0433	0.98
C	0.002798	0.0633	0.96
T	0.002039	0.0021	1.00
T	0.001996	0.0100	1.00
T	0.001642	0.0060	1.00
G	0.000718	-0.0031	1.00
A	0.001963	0.0139	1.00
C	0.001483	0.0268	0.98
T	0.002456	0.0175	0.99
A	0.003709	0.0561	0.98
C	0.002623	0.0516	0.97
T	0.001487	-0.0073	1.00
G	0.000294	-0.0021	0.98
G	0.000236	-0.0025	0.98
G	0.000352	-0.0041	0.98
G	0.000827	-0.0032	1.00
C	0.000638	-0.0022	0.99
C	0.000483	-0.0014	0.99
A	0.001737	0.0020	1.00
G	0.000657	-0.0102	0.98
G	0.001605	0.0061	1.00
G	0.002454	-0.0044	1.00
A	0.001993	-0.0132	1.00
A	0.003317	0.0289	0.99
C	0.003799	0.0773	0.97
C	0.001869	-0.0107	1.00
C	0.001123	-0.0085	0.99
T	0.002575	0.0199	0.99
G	0.001383	-0.0064	1.00
G	0.001140	0.0042	1.00
T	0.001382	-0.0002	1.00
C	0.000738	-0.0039	0.99
A	0.002593	0.0067	1.00
C	0.001450	-0.0022	1.00
C	0.000933	-0.0081	0.99
G	0.001044	-0.0028	1.00
T	0.001506	0.0004	1.00
C	0.000883	-0.0017	0.99
T	0.001883	0.0075	1.00
C	0.001041	-0.0013	1.00
C	0.001604	0.0117	0.99
T	0.001466	-0.0025	1.00
C	0.001515	-0.0097	1.00
A	0.002606	0.0182	0.99
