C	0.002076	0.0024	1.00
A	0.002617	0.0140	1.00
G	0.001959	0.0067	0.99
G	0.002500	0.0220	0.99
T	0.002169	-0.0014	1.00
G	0.002257	-0.0111	1.00
C	0.001988	-0.0241	0.99
A	0.002188	-0.0237	1.00
G	0.003196	0.0825	0.96
C	0.003949	0.1307	0.93
T	0.001654	-0.0130	1.00
G	0.001639	-0.0105	1.00
G	0.002535	0.0183	0.99
T	0.002148	-0.0010	1.00
G	0.002233	-0.0121	1.00
C	0.001850	-0.0246	0.99
A	0.002966	0.0369	0.99
G	0.001677	0.0244	0.98
T	0.001383	-0.0050	1.00
C	0.000961	-0.0046	1.00
T	0.001600	-0.0014	1.00
G	0.000606	-0.0012	1.00
G	0.000845	-0.0093	0.99
G	0.000513	-0.0082	0.97
G	0.003806	0.0432	0.99
C	0.000716	-0.0028	0.99
T	0.001043	-0.0115	0.99
C	0.001365	0.0029	1.00
A	0.001877	0.0007	1.00
A	0.002484	0.0213	0.99
A	0.002307	0.0251	0.99
T	0.002204	0.0166	0.99
G	0.001467	-0.0113	1.00
A	0.001757	-0.0022	1.00
A	0.003058	0.0489	0.98
G	0.001321	-0.0067	1.00
A	0.001705	-0.0036	1.00
A	0.003017	0.0323	0.99
C	0.000843	-0.0067	0.99
C	0.002822	0.0129	0.99
C	0.000661	0.0001	0.99
T	0.002514	0.0194	0.99
G	0.000593	-0.0010	0.99
G	0.000566	-0.0027	0.99
G	0.000341	-0.0039	0.98
G	0.000764	-0.0034	0.99
C	0.000556	-0.0017	0.99
C	0.000501	-0.0030	0.99
T	0.001325	-0.0019	1.00
C	0.000541	-0.0042	0.99
A	0.002368	0.0076	1.00
G	0.002225	0.0161	0.99
T	0.001514	-0.0004	1.00
G	0.001221	-0.0080	1.00
A	0.001688	-0.0018	1.00
A	0.001733	-0.0145	1.00
G	0.002028	0.0225	0.99
G	0.000651	-0.0104	0.98
T	0.002097	0.0162	0.99
C	0.000857	-0.0025	0.99
T	0.001821	0.0075	1.00
C	0.000996	0.0011	1.00
C	0.001597	-0.0024	1.00
T	0.001669	-0.0182	0.99
G	0.002883	0.0314	0.99
C	0.001730	0.0160	0.99
G	0.002188	-0.0015	1.00
C	0.003395	0.1098	0.95
G	0.000635	-0.0067	0.99
C	0.003680	0.1282	0.94
C	0.000884	-0.0004	1.00
T	0.002651	0.0338	0.99
T	0.001440	-0.0034	1.00
C	0.002690	0.0528	0.97
T	0.001623	-0.0019	1.00
G	0.001298	-0.0065	1.00
G	0.002375	0.0423	0.98
A	0.002274	-0.0059	1.00
T	0.003605	0.1126	0.94
A	0.003094	0.0655	0.98
T	0.001819	-0.0072	1.00
A	0.002896	0.0362	0.99
C	0.001562	0.0068	1.00
C	0.001907	0.0192	0.99
T	0.002150	-0.0011	1.00
T	0.001367	0.0002	1.00
C	0.001870	-0.0015	1.00
A	0.002562	0.0074	1.00
C	0.001511	-0.0024	1.00
C	0.000921	-0.0051	1.00
G	0.000714	-0.0081	0.99
A	0.003668	0.0718	0.97
C	0.001248	0.0104	0.99
T	0.002622	0.0235	0.99
T	0.003589	0.0570	0.98
T	0.002431	0.0439	0.98
T	0.002324	0.0137	0.99
A	0.004163	0.1172	0.95
C	0.002164	0.0105	1.00
A	0.004021	0.1581	0.93
T	0.002192	0.0012	1.00
A	0.002988	0.1274	0.92
C	0.002324	0.0196	0.99
A	0.002843	0.0462	0.98
T	0.002196	0.0149	0.99
T	0.001537	-0.0089	1.00
G	0.000470	-0.0057	0.98
G	0.000980	-0.0093	0.99
T	0.002347	0.0085	1.00
T	0.002042	0.0004	1.00
G	0.001463	-0.0107	1.00
C	0.001064	-0.0196	0.98
G	0.000633	-0.0031	0.99
C	0.002434	0.0136	0.99
C	0.000427	-0.0041	0.98
A	0.001388	-0.0049	1.00
G	0.000392	-0.0025	0.99
G	0.000760	-0.0019	0.99
C	0.000695	-0.0045	1.00
C	0.000409	-0.0026	0.99
C	0.000630	-0.0005	0.99
C	0.000693	0.0017	0.99
T	0.002731	0.0164	1.00
G	0.001132	-0.0049	0.99
G	0.000685	-0.0035	0.99
C	0.001589	-0.0050	1.00
C	0.000849	-0.0097	0.99
A	0.002094	0.0017	1.00
G	0.004373	0.1078	0.96
G	0.000734	-0.0103	0.98
G	0.000718	-0.0038	0.99
G	0.003513	0.0508	0.98
C	0.000915	0.0024	0.99
T	0.002038	-0.0028	1.00
T	0.001320	-0.0100	1.00
C	0.001302	0.0077	0.99
A	0.001954	0.0041	1.00
G	0.002816	0.0423	0.98
T	0.001870	0.0087	1.00
G	0.001129	-0.0055	1.00
G	0.001581	0.0004	1.00
A	0.003104	0.0525	0.98
T	0.002470	0.0166	0.99
G	0.000983	-0.0138	0.99
G	0.001729	0.0041	1.00
G	0.003277	0.0990	0.95
A	0.003175	0.0503	0.98
T	0.002593	0.0177	0.99
G	0.001483	-0.0068	1.00
G	0.001892	-0.0057	1.00
A	0.002114	-0.0022	1.00
T	0.001484	-0.0025	1.00
G	0.001770	-0.0033	1.00
A	0.002220	0.0022	1.00
A	0.002842	-0.0115	1.00
C	0.003680	0.0755	0.97
C	0.001867	-0.0118	1.00
C	0.001309	-0.0163	0.99
T	0.002456	0.0145	0.99
C	0.003372	0.0251	0.99
A	0.002763	0.0158	0.99
G	0.002703	0.0349	0.98
A	0.002354	0.0112	1.00
C	0.002388	0.0141	0.99
T	0.001911	0.0074	1.00
G	0.001874	0.0052	1.00
G	0.002413	0.0193	0.99
T	0.002163	0.0100	1.00
C	0.000968	-0.0081	0.99
G	0.002749	0.0477	0.98
C	0.002768	0.0814	0.94
A	0.002183	-0.0019	1.00
C	0.002167	-0.0141	1.00
A	0.001934	-0.0068	1.00
A	0.003463	0.0535	0.98
A	0.002702	-0.0029	1.00
C	0.003095	0.0607	0.97
A	0.002280	0.0172	0.99
C	0.004275	0.0869	0.97
T	0.001965	-0.0065	1.00
G	0.003328	0.1306	0.92
C	0.002205	0.0187	0.99
A	0.002038	0.0003	1.00
C	0.001457	0.0015	1.00
G	0.001826	0.0051	1.00
A	0.001259	-0.0043	1.00
A	0.001542	-0.0015	1.00
A	0.002843	0.0214	0.99
C	0.002966	0.0425	0.98
T	0.002087	0.0129	0.99
T	0.002217	0.0078	1.00
T	0.001477	0.0005	1.00
C	0.001678	-0.0018	1.00
A	0.002032	0.0040	1.00
G	0.001591	-0.0188	1.00
G	0.000627	-0.0024	0.99
G	0.004291	0.4211	0.74
G	0.000655	0.0026	0.99
A	0.001819	-0.0030	1.00
G	0.000531	-0.0067	0.98
G	0.001882	0.0091	1.00
G	0.000875	-0.0078	0.99
T	0.001391	-0.0018	1.00
C	0.000716	-0.0049	0.99
A	0.002503	0.0070	1.00
C	0.001364	0.0034	1.00
C	0.001189	-0.0058	1.00
A	0.002606	0.0169	0.99
T	0.002765	0.0374	0.99
G	0.000876	-0.0075	0.99
A	0.001983	0.0033	1.00
C	0.001672	0.0138	0.99
C	0.001725	0.0039	1.00
A	0.001838	-0.0007	1.00
G	0.000553	-0.0076	0.98
G	0.001794	0.0074	1.00
G	0.000955	-0.0051	1.00
A	0.001719	-0.0064	1.00
C	0.001588	0.0077	1.00
A	0.002554	0.0104	1.00
C	0.001372	-0.0123	0.99
G	0.001435	0.0039	1.00
T	0.001649	0.0039	1.00
C	0.000819	-0.0041	1.00
C	0.001145	-0.0013	1.00
A	0.003161	0.0262	0.99
T	0.001653	-0.0027	1.00
C	0.001810	0.0141	0.99
G	0.002241	0.0217	0.99
G	0.002485	0.0717	0.96
C	0.003759	0.1722	0.90
A	0.002453	-0.0068	1.00
C	0.002271	0.0052	1.00
A	0.002257	0.0045	1.00
G	0.001167	-0.0101	0.99
C	0.003108	0.0081	0.99
C	0.000958	-0.0010	1.00
T	0.002807	0.0333	0.99
A	0.003529	0.0342	0.99
C	0.001742	0.0131	0.99
A	0.002818	0.0267	0.99
T	0.002791	0.0189	0.99
G	0.001791	0.0234	0.99
G	0.001362	-0.0031	1.00
A	0.001892	-0.0039	1.00
G	0.003546	0.1777	0.89
T	0.003662	0.1289	0.93
T	0.001596	-0.0168	0.99
G	0.001541	0.0052	1.00
A	0.001893	0.0094	1.00
G	0.002846	0.0085	0.99
A	0.004162	0.1933	0.90
A	0.002045	-0.0127	1.00
G	0.000621	-0.0073	0.99
C	0.004591	0.1272	0.95
C	0.000748	-0.0034	0.99
T	0.001066	-0.0107	0.99
G	0.001445	0.0070	1.00
A	0.001546	-0.0031	1.00
C	0.002825	0.0431	0.98
A	0.002025	-0.0225	0.99
T	0.002169	-0.0143	1.00
C	0.003190	0.0613	0.97
T	0.001450	-0.0016	1.00
G	0.000500	-0.0055	0.99
A	0.001724	0.0047	1.00
C	0.000608	-0.0065	0.98
G	0.000894	-0.0078	0.99
A	0.002298	0.0184	0.99
C	0.001664	0.0083	0.99
A	0.002596	0.0096	1.00
C	0.001152	-0.0134	0.99
G	0.000607	-0.0040	0.99
G	0.001943	0.0122	0.99
C	0.000883	-0.0019	1.00
C	0.000472	-0.0040	0.98
A	0.002821	0.0257	0.99
T	0.002078	0.0047	1.00
A	0.003117	0.1924	0.87
T	0.002668	0.0508	0.98
A	0.004042	0.0975	0.96
T	0.001960	0.0066	1.00
T	0.003000	0.0415	0.98
A	0.003447	0.0525	0.98
C	0.002497	0.0475	0.97
T	0.001452	-0.0087	1.00
G	0.002609	0.0242	0.99
T	0.001548	-0.0054	1.00
A	0.001556	-0.0131	0.99
C	0.001384	-0.0194	0.99
G	0.001102	-0.0058	1.00
A	0.002307	0.0219	0.99
C	0.001360	-0.0016	1.00
A	0.002186	0.0166	1.00
G	0.000657	-0.0098	0.98
G	0.000860	-0.0107	0.98
G	0.001642	-0.0192	0.99
G	0.002794	0.0442	0.98
G	0.003145	0.0987	0.95
A	0.003052	0.0505	0.98
T	0.002602	0.0156	0.99
G	0.001476	-0.0048	1.00
G	0.001893	-0.0054	1.00
A	0.002173	-0.0041	1.00
T	0.001564	-0.0055	1.00
C	0.001950	0.0114	1.00
A	0.002401	0.0071	1.00
G	0.001729	0.0212	0.99
T	0.001346	-0.0040	1.00
C	0.000874	-0.0053	0.99
T	0.002389	0.0053	1.00
T	0.001998	0.0042	1.00
T	0.003226	0.0653	0.97
A	0.003355	0.0526	0.98
C	0.002357	0.0436	0.98
T	0.002314	0.0152	0.99
A	0.004250	0.0868	0.97
T	0.001523	-0.0174	0.99
G	0.002476	0.0622	0.96
A	0.002293	0.0056	1.00
T	0.003171	0.0308	0.99
A	0.003085	0.0367	0.98
G	0.003530	0.1662	0.90
T	0.002923	0.0413	0.98
A	0.003097	0.0193	0.99
G	0.003064	0.0658	0.97
T	0.001895	-0.0169	1.00
T	0.002570	0.0307	0.99
A	0.004032	0.1106	0.96
T	0.001950	0.0067	1.00
T	0.003016	0.0412	0.98
A	0.003530	0.0487	0.98
C	0.002273	0.0184	0.99
C	0.001467	0.0043	1.00
C	0.000829	-0.0062	0.99
C	0.000685	-0.0035	0.99
A	0.002019	-0.0024	1.00
A	0.003021	0.0221	0.99
C	0.003170	0.0561	0.97
T	0.002022	0.0020	1.00
T	0.002018	0.0056	1.00
T	0.001655	0.0038	1.00
G	0.000709	-0.0032	0.99
A	0.001944	0.0140	0.99
C	0.001469	0.0257	0.98
C	0.002436	0.0175	0.99
A	0.003654	0.0555	0.98
C	0.002641	0.0474	0.97
T	0.001455	-0.0081	1.00
G	0.000281	-0.0013	0.99
G	0.000232	-0.0029	0.97
G	0.000354	-0.0043	0.97
G	0.000810	-0.0036	0.99
T	0.000649	-0.0034	0.99
C	0.000454	-0.0005	0.99
A	0.001713	0.0020	1.00
G	0.000650	-0.0097	0.98
G	0.001623	0.0031	1.00
G	0.002432	-0.0043	1.00
A	0.001972	-0.0155	1.00
A	0.003243	0.0286	0.99
C	0.003771	0.0768	0.97
C	0.001854	-0.0123	1.00
C	0.001072	-0.0084	0.99
T	0.002537	0.0191	1.00
G	0.001375	-0.0087	0.99
C	0.001144	0.0026	1.00
T	0.001373	-0.0014	1.00
C	0.000734	-0.0051	0.99
A	0.002539	0.0057	1.00
C	0.001415	-0.0014	1.00
C	0.000921	-0.0076	0.99
G	0.001055	-0.0047	1.00
T	0.001475	0.0010	1.00
C	0.000868	-0.0021	1.00
T	0.001867	0.0063	1.00
C	0.001019	-0.0007	1.00
C	0.001613	0.0086	0.99
T	0.001419	-0.0015	1.00
C	0.001465	-0.0079	1.00
A	0.002613	0.0153	0.99
