C	0.001984	0.0007	1.00
A	0.002457	0.0142	1.00
G	0.002332	0.0179	0.99
G	0.002381	0.0196	0.99
T	0.002041	-0.0038	1.00
G	0.002169	-0.0151	1.00
C	0.001830	-0.0227	0.99
A	0.002043	-0.0231	0.99
G	0.003124	0.0741	0.96
C	0.003939	0.1186	0.94
T	0.001554	-0.0138	0.99
G	0.001532	-0.0110	1.00
G	0.002370	0.0159	0.99
T	0.002130	0.0062	1.00
A	0.001535	0.0054	1.00
C	0.001156	-0.0013	1.00
A	0.002166	0.0115	1.00
G	0.001282	0.0008	1.00
T	0.001260	-0.0049	1.00
C	0.000870	-0.0045	1.00
T	0.001489	-0.0011	1.00
G	0.000587	-0.0016	0.99
G	0.000841	-0.0110	0.98
G	0.001235	-0.0159	0.99
G	0.003023	0.0286	0.99
G	0.001962	0.0190	0.99
A	0.001648	-0.0150	0.99
G	0.000725	-0.0068	0.99
G	0.004214	0.1195	0.95
T	0.000846	0.0000	1.00
C	0.002048	-0.0066	1.00
T	0.001518	0.0034	1.00
G	0.001535	-0.0063	1.00
G	0.003339	0.1358	0.92
T	0.002818	0.0615	0.97
G	0.003207	0.0416	0.98
A	0.002814	0.0324	0.99
A	0.002852	0.0355	0.99
G	0.000875	-0.0081	0.99
C	0.002718	0.0086	1.00
C	0.000643	-0.0008	1.00
G	0.002411	0.0172	1.00
G	0.000555	-0.0003	0.99
G	0.000565	-0.0040	0.98
G	0.000832	-0.0085	0.99
G	0.000807	-0.0085	0.99
G	0.001463	-0.0004	1.00
G	0.000886	-0.0081	0.99
T	0.001446	-0.0062	1.00
C	0.001010	0.0021	1.00
C	0.001096	-0.0026	0.99
C	0.000615	-0.0067	0.99
T	0.002288	0.0183	0.99
C	0.003109	0.0237	0.99
A	0.001562	-0.0085	1.00
C	0.000729	-0.0023	0.99
A	0.000892	-0.0099	0.99
C	0.001253	0.0016	1.00
T	0.001356	0.0047	1.00
C	0.000971	-0.0028	1.00
T	0.001816	0.0041	1.00
C	0.000951	-0.0007	1.00
C	0.001395	-0.0018	1.00
T	0.001874	-0.0004	1.00
G	0.002570	0.0185	0.99
T	0.001560	-0.0084	1.00
T	0.002187	-0.0141	1.00
C	0.001190	-0.0155	0.99
A	0.001508	-0.0179	0.99
G	0.000859	-0.0042	0.99
C	0.002762	0.0044	1.00
C	0.000600	-0.0064	0.99
T	0.001350	-0.0013	1.00
C	0.001045	0.0005	1.00
T	0.001564	-0.0039	1.00
G	0.001216	-0.0063	1.00
G	0.002637	0.0318	0.98
A	0.001938	-0.0085	1.00
T	0.002692	0.0192	0.99
T	0.001268	-0.0016	1.00
C	0.001648	0.0019	1.00
T	0.002441	0.0158	0.99
T	0.001217	-0.0045	1.00
T	0.001856	0.0003	1.00
T	0.001913	0.0008	1.00
T	0.001365	-0.0004	1.00
C	0.002507	0.0141	0.99
G	0.002346	0.0036	1.00
A	0.003698	0.1745	0.89
T	0.002278	-0.0050	1.00
A	0.003339	0.0356	0.99
A	0.002813	0.0288	0.99
T	0.001897	0.0017	1.00
T	0.001236	0.0069	0.99
C	0.001771	-0.0021	1.00
A	0.000661	-0.0009	1.00
T	0.002383	0.0159	1.00
G	0.000874	-0.0095	0.99
G	0.001709	-0.0036	1.00
A	0.003018	0.0427	0.98
T	0.002255	0.0107	1.00
G	0.001378	0.0022	1.00
G	0.001874	0.0070	1.00
G	0.003486	0.1595	0.91
G	0.003590	0.1182	0.94
T	0.001596	-0.0139	0.99
G	0.000394	-0.0045	0.97
G	0.000751	-0.0046	0.99
G	0.000685	-0.0041	0.99
T	0.001316	-0.0028	1.00
C	0.000440	-0.0037	0.99
C	0.000911	-0.0020	0.99
G	0.000656	-0.0039	0.99
T	0.001244	-0.0054	1.00
C	0.000433	-0.0012	0.99
A	0.001487	0.0019	1.00
G	0.000540	-0.0056	0.99
G	0.004415	0.1148	0.95
C	0.000944	-0.0033	1.00
G	0.001235	-0.0035	1.00
C	0.000771	-0.0055	0.99
C	0.000920	-0.0024	1.00
A	0.001658	0.0000	1.00
G	0.000602	-0.0094	0.98
G	0.001610	0.0085	0.99
G	0.002370	-0.0056	1.00
A	0.002070	0.0080	1.00
A	0.001422	-0.0103	0.99
G	0.000387	-0.0019	0.99
G	0.000716	-0.0083	0.99
G	0.000446	-0.0067	0.97
A	0.003594	0.0392	0.99
C	0.000677	-0.0029	1.00
T	0.001267	-0.0087	1.00
G	0.001172	-0.0004	1.00
G	0.001308	-0.0050	1.00
A	0.002096	0.0129	0.99
G	0.002688	0.0385	0.99
T	0.001813	0.0053	1.00
G	0.000731	-0.0072	0.98
G	0.001336	-0.0171	0.99
G	0.004312	0.0858	0.97
T	0.001492	-0.0161	0.99
T	0.001360	-0.0072	1.00
G	0.000435	-0.0007	0.99
G	0.000773	-0.0058	0.99
C	0.000744	-0.0016	0.99
C	0.000368	-0.0012	0.98
G	0.003772	0.1796	0.90
C	0.002661	0.0327	0.99
A	0.003888	0.0870	0.97
T	0.002156	0.0186	0.99
T	0.002826	0.0268	0.99
A	0.002802	0.0162	0.99
G	0.003076	0.0446	0.98
A	0.002860	0.0354	0.99
A	0.002683	0.0354	0.99
G	0.002439	0.0834	0.95
G	0.003582	0.1624	0.90
C	0.002205	-0.0148	1.00
T	0.003238	0.0431	0.98
C	0.002854	0.0219	0.99
A	0.002653	-0.0028	1.00
A	0.003436	0.0921	0.95
A	0.001367	-0.0160	0.99
G	0.002442	0.0542	0.96
A	0.002074	-0.0074	1.00
C	0.002547	0.0117	1.00
G	0.001877	0.0024	1.00
G	0.002284	0.0175	0.99
T	0.002084	0.0049	1.00
G	0.000837	-0.0015	0.99
C	0.001728	0.0061	1.00
G	0.000753	-0.0022	1.00
A	0.001536	-0.0055	1.00
C	0.000861	-0.0087	0.99
A	0.002047	-0.0019	1.00
G	0.003453	0.0651	0.98
G	0.002950	0.0249	0.99
A	0.001912	-0.0003	1.00
G	0.000533	-0.0067	0.98
A	0.001021	-0.0128	0.99
A	0.001453	0.0234	0.98
T	0.002345	0.0114	1.00
A	0.003479	0.0386	0.99
T	0.001913	0.0220	0.99
G	0.003661	0.1321	0.93
G	0.002283	0.0457	0.97
T	0.001859	-0.0044	1.00
G	0.002774	0.0288	0.99
C	0.002395	0.0120	1.00
A	0.002499	-0.0019	1.00
G	0.001494	-0.0192	0.99
C	0.001464	0.0010	1.00
C	0.000501	-0.0066	0.98
G	0.002549	0.0136	1.00
T	0.001771	-0.0023	1.00
G	0.001138	-0.0060	0.99
A	0.001491	0.0005	1.00
A	0.002576	0.0108	1.00
G	0.002114	0.0037	1.00
G	0.000468	-0.0034	0.99
A	0.001911	-0.0155	1.00
C	0.000907	-0.0033	0.99
A	0.001409	-0.0035	1.00
G	0.001425	-0.0018	1.00
A	0.001331	-0.0038	1.00
T	0.002785	0.0161	0.99
T	0.001230	0.0006	1.00
C	0.001650	0.0012	1.00
A	0.002414	0.0059	1.00
C	0.001396	0.0004	1.00
C	0.001068	-0.0058	1.00
A	0.003012	0.0216	0.99
T	0.001668	-0.0011	1.00
T	0.001949	0.0154	0.99
T	0.001346	-0.0018	1.00
C	0.000648	-0.0061	0.99
A	0.001965	0.0005	1.00
A	0.002124	-0.0060	1.00
G	0.001035	-0.0044	1.00
A	0.001777	0.0048	1.00
G	0.002713	0.0368	0.98
A	0.002218	-0.0029	1.00
T	0.002228	0.0102	1.00
G	0.002646	0.0497	0.97
A	0.002291	0.0011	1.00
C	0.002747	0.0185	0.99
A	0.001337	-0.0015	1.00
G	0.002132	0.0664	0.94
T	0.002281	-0.0011	1.00
A	0.003074	0.0298	0.99
G	0.002900	0.0581	0.97
A	0.003040	0.0552	0.98
A	0.002889	0.0202	0.99
A	0.002796	0.0196	0.99
T	0.002712	0.0316	0.99
A	0.002347	0.0070	1.00
T	0.001633	0.0041	1.00
G	0.003927	0.1296	0.94
C	0.002133	0.0509	0.97
T	0.001546	-0.0084	1.00
G	0.002746	0.0514	0.97
T	0.002440	0.0494	0.97
A	0.004164	0.1225	0.95
C	0.001263	-0.0140	0.99
C	0.002276	0.0630	0.96
T	0.001990	0.0152	0.99
G	0.002465	0.0344	0.98
C	0.002897	0.0985	0.94
A	0.002271	-0.0113	1.00
C	0.003464	0.0400	0.98
A	0.003305	0.0525	0.98
T	0.001817	-0.0053	1.00
G	0.001653	0.0083	1.00
A	0.001898	0.0021	1.00
G	0.002807	0.0083	1.00
G	0.002857	0.0234	0.99
A	0.002169	0.0024	1.00
C	0.001026	-0.0066	1.00
C	0.002564	0.0080	1.00
C	0.000705	-0.0026	1.00
T	0.001348	-0.0057	1.00
G	0.001455	0.0057	1.00
A	0.001590	-0.0022	1.00
A	0.003146	0.0388	0.98
A	0.002866	0.0216	0.99
A	0.002990	0.0156	1.00
C	0.003079	0.0384	0.98
C	0.001416	-0.0121	1.00
G	0.001298	-0.0008	1.00
A	0.001752	-0.0009	1.00
G	0.002786	0.0460	0.98
G	0.000755	-0.0016	1.00
A	0.001611	-0.0066	1.00
C	0.001517	0.0048	1.00
T	0.001535	-0.0092	0.99
C	0.001775	0.0093	1.00
A	0.002021	0.0073	1.00
G	0.001067	-0.0069	1.00
G	0.004178	0.1119	0.95
C	0.000595	-0.0077	0.98
A	0.002653	0.0207	0.99
C	0.001973	0.0017	1.00
T	0.003133	0.1783	0.88
T	0.002573	0.0471	0.97
A	0.004000	0.0835	0.97
T	0.001872	0.0045	1.00
T	0.002914	0.0348	0.99
A	0.003361	0.0437	0.98
T	0.002384	0.0441	0.98
T	0.001510	-0.0125	0.99
G	0.003154	0.0440	0.98
T	0.002557	0.0282	0.99
A	0.003405	0.0290	0.99
C	0.002768	0.0526	0.97
C	0.001562	-0.0028	1.00
A	0.002163	0.0175	0.99
T	0.001667	0.0110	0.99
G	0.001803	0.0021	1.00
G	0.001734	-0.0067	1.00
A	0.002000	-0.0003	1.00
T	0.002313	0.0085	1.00
G	0.001087	0.0010	1.00
A	0.001750	0.0004	1.00
G	0.001054	-0.0168	0.98
G	0.000618	-0.0066	0.99
G	0.003000	0.0386	0.98
G	0.000839	-0.0038	1.00
A	0.001859	-0.0000	1.00
C	0.001224	-0.0006	1.00
C	0.001585	0.0020	1.00
C	0.000647	-0.0030	0.99
C	0.000614	-0.0021	1.00
A	0.001913	-0.0017	1.00
G	0.003412	0.1687	0.89
T	0.002265	0.0197	0.99
A	0.004031	0.0842	0.97
A	0.002150	0.0206	0.99
C	0.002110	0.0023	1.00
A	0.003259	0.0368	0.99
C	0.001868	-0.0115	1.00
G	0.003112	0.1064	0.94
C	0.002551	0.0108	1.00
T	0.002823	0.0283	0.99
T	0.001653	-0.0062	1.00
C	0.001820	0.0089	1.00
T	0.001762	0.0057	1.00
T	0.001406	-0.0004	1.00
A	0.000837	-0.0054	0.99
G	0.001320	-0.0053	0.99
A	0.002084	0.0148	0.99
A	0.002684	0.0387	0.98
T	0.001824	0.0043	1.00
G	0.000479	-0.0008	0.99
G	0.000379	-0.0066	0.97
G	0.000574	-0.0095	0.98
G	0.003497	0.0432	0.98
C	0.001118	0.0102	0.99
T	0.002516	0.0177	0.99
A	0.003537	0.0481	0.99
C	0.002458	0.0344	0.98
T	0.002521	0.0121	0.99
T	0.003515	0.0477	0.99
C	0.002461	0.0353	0.98
T	0.002529	0.0124	0.99
A	0.003527	0.0465	0.98
T	0.002431	0.0365	0.98
T	0.002542	0.0112	0.99
A	0.003517	0.0474	0.99
T	0.002461	0.0370	0.98
T	0.002561	0.0109	0.99
A	0.003368	0.0325	0.99
T	0.001704	0.0089	0.99
A	0.002739	0.0210	0.99
T	0.002694	0.0138	1.00
G	0.001608	0.0213	0.99
G	0.000668	-0.0032	1.00
C	0.002371	0.0151	0.99
C	0.000929	0.0005	1.00
G	0.001360	0.0027	1.00
T	0.001398	-0.0015	1.00
T	0.000826	-0.0045	0.99
T	0.001515	-0.0029	1.00
G	0.000344	-0.0035	0.98
G	0.000673	-0.0116	0.98
G	0.000666	-0.0099	0.99
G	0.004531	0.3977	0.77
C	0.000690	-0.0041	1.00
A	0.001659	-0.0075	1.00
G	0.003669	0.0460	0.99
A	0.002176	0.0021	1.00
G	0.000531	-0.0052	0.99
G	0.001764	0.0041	1.00
G	0.000997	-0.0071	0.99
A	0.001855	-0.0004	1.00
C	0.001623	0.0095	0.99
C	0.001374	-0.0019	1.00
A	0.002281	0.0060	1.00
C	0.000947	-0.0117	0.98
G	0.001306	-0.0080	1.00
G	0.000915	-0.0060	0.99
T	0.001289	-0.0010	1.00
C	0.000651	-0.0034	0.99
A	0.002395	0.0049	1.00
T	0.001337	-0.0019	1.00
C	0.000865	-0.0080	0.99
G	0.001002	-0.0052	0.99
T	0.001404	-0.0009	1.00
C	0.000816	-0.0025	1.00
T	0.001791	0.0035	1.00
C	0.000975	-0.0021	1.00
T	0.001546	0.0068	0.99
T	0.001365	-0.0038	1.00
C	0.001380	-0.0090	0.99
A	0.002505	0.0109	1.00
