C	0.002214	0.0043	1.00
G	0.002720	0.0188	0.99
A	0.002076	0.0087	0.99
G	0.002573	0.0291	0.99
C	0.002331	-0.0025	1.00
G	0.002414	-0.0112	1.00
C	0.002099	-0.0222	1.00
A	0.002335	-0.0214	1.00
C	0.003252	0.0915	0.95
C	0.004004	0.1430	0.92
T	0.001809	-0.0145	1.00
G	0.001746	-0.0095	1.00
G	0.002651	0.0210	0.99
T	0.002320	-0.0008	1.00
A	0.002361	-0.0108	1.00
C	0.002028	-0.0265	0.99
A	0.003161	0.0370	0.99
A	0.001773	0.0258	0.98
T	0.001468	-0.0041	1.00
C	0.001064	-0.0054	1.00
A	0.001711	-0.0017	1.00
G	0.000649	-0.0008	0.99
G	0.000940	-0.0100	0.99
G	0.000579	-0.0095	0.98
A	0.003948	0.0515	0.98
C	0.000773	-0.0027	1.00
T	0.001126	-0.0102	0.99
G	0.001444	0.0050	1.00
C	0.001959	0.0035	1.00
G	0.002624	0.0218	0.99
A	0.002376	0.0299	0.99
T	0.002323	0.0193	0.99
G	0.001564	-0.0122	1.00
A	0.001863	-0.0027	1.00
A	0.003142	0.0554	0.97
G	0.001419	-0.0062	1.00
A	0.001868	-0.0057	1.00
A	0.003159	0.0368	0.99
A	0.000912	-0.0070	0.99
C	0.002966	0.0160	0.99
C	0.000739	-0.0015	0.99
G	0.002687	0.0200	0.99
G	0.000637	-0.0010	0.99
G	0.000601	-0.0014	1.00
G	0.000384	-0.0044	0.98
G	0.000826	-0.0034	0.99
C	0.000589	-0.0015	0.99
C	0.000538	-0.0028	0.99
T	0.001440	-0.0013	1.00
C	0.000570	-0.0041	0.99
A	0.002490	0.0104	1.00
G	0.002339	0.0183	0.99
T	0.001590	0.0022	1.00
A	0.001337	-0.0097	0.99
A	0.001769	0.0006	1.00
G	0.001906	-0.0159	1.00
A	0.002103	0.0276	0.98
G	0.000727	-0.0123	0.98
T	0.002188	0.0189	0.99
C	0.000898	-0.0016	1.00
T	0.001938	0.0094	0.99
C	0.001085	0.0002	0.99
C	0.001693	-0.0005	1.00
T	0.001834	-0.0204	0.99
G	0.002986	0.0364	0.98
C	0.001822	0.0181	0.99
C	0.002331	-0.0000	1.00
A	0.003416	0.1212	0.95
G	0.000691	-0.0070	0.99
A	0.003667	0.1455	0.92
C	0.000926	0.0010	1.00
C	0.002779	0.0367	0.99
T	0.001552	-0.0038	1.00
C	0.002736	0.0606	0.97
T	0.001742	-0.0008	1.00
G	0.001351	-0.0039	1.00
G	0.002437	0.0488	0.97
A	0.002423	-0.0051	1.00
T	0.003680	0.1223	0.94
A	0.003146	0.0755	0.97
C	0.001932	-0.0061	1.00
A	0.002998	0.0415	0.99
C	0.001694	0.0061	1.00
C	0.002007	0.0214	0.99
T	0.002302	-0.0001	1.00
T	0.001486	-0.0006	1.00
T	0.001976	-0.0007	1.00
A	0.002705	0.0083	1.00
C	0.001599	-0.0011	1.00
C	0.001009	-0.0076	0.99
G	0.000787	-0.0090	0.99
C	0.003714	0.0848	0.97
C	0.001290	0.0128	0.99
C	0.002793	0.0237	0.99
A	0.003701	0.0643	0.97
C	0.002534	0.0479	0.97
A	0.002403	0.0185	0.99
T	0.004266	0.1277	0.95
A	0.002287	0.0123	0.99
T	0.004087	0.1689	0.93
T	0.002281	0.0067	1.00
A	0.002982	0.1394	0.91
T	0.002444	0.0211	0.99
T	0.002982	0.0499	0.98
T	0.002318	0.0158	0.99
T	0.001638	-0.0082	1.00
G	0.000534	-0.0071	0.98
G	0.001074	-0.0103	0.99
T	0.002455	0.0117	1.00
T	0.002190	-0.0001	1.00
C	0.001605	-0.0133	1.00
C	0.001184	-0.0221	0.98
G	0.000696	-0.0042	0.99
A	0.002553	0.0175	0.99
C	0.000491	-0.0052	0.98
A	0.001472	-0.0026	1.00
G	0.000419	-0.0023	0.99
G	0.000840	-0.0039	0.99
C	0.000765	-0.0054	0.99
C	0.000464	-0.0035	0.99
C	0.000670	0.0004	1.00
C	0.000741	0.0006	0.99
C	0.002848	0.0195	0.99
G	0.001200	-0.0025	1.00
G	0.000757	-0.0054	0.99
G	0.001699	-0.0039	1.00
C	0.000954	-0.0112	0.99
G	0.002196	0.0038	1.00
A	0.004429	0.1221	0.95
G	0.000801	-0.0103	0.98
G	0.000775	-0.0039	0.99
A	0.003618	0.0578	0.98
C	0.001004	-0.0004	1.00
T	0.002199	-0.0039	1.00
T	0.001431	-0.0105	0.99
G	0.001366	0.0093	0.99
A	0.002065	0.0065	1.00
G	0.002906	0.0482	0.98
T	0.002030	0.0075	1.00
G	0.001243	-0.0065	1.00
G	0.001672	0.0011	1.00
G	0.003228	0.0541	0.98
T	0.002612	0.0183	0.99
G	0.001048	-0.0135	0.99
G	0.001822	0.0054	1.00
G	0.003382	0.1028	0.95
G	0.003291	0.0552	0.98
T	0.002723	0.0206	0.99
G	0.001560	-0.0046	1.00
G	0.001996	-0.0038	1.00
A	0.002298	-0.0044	1.00
T	0.001598	-0.0031	1.00
C	0.001877	-0.0022	1.00
A	0.002358	0.0053	1.00
A	0.002992	-0.0069	1.00
G	0.003765	0.0859	0.96
C	0.001983	-0.0104	1.00
C	0.001426	-0.0173	0.99
A	0.002574	0.0167	0.99
C	0.003421	0.0374	0.99
A	0.002889	0.0197	0.99
A	0.002822	0.0403	0.98
T	0.002500	0.0128	1.00
A	0.002515	0.0176	0.99
T	0.002029	0.0091	1.00
G	0.001976	0.0060	1.00
G	0.002533	0.0216	0.99
G	0.002331	0.0094	1.00
G	0.001035	-0.0077	0.99
C	0.002849	0.0518	0.98
C	0.002775	0.0921	0.94
G	0.002346	-0.0016	1.00
T	0.002284	-0.0116	1.00
G	0.002091	-0.0078	1.00
A	0.003592	0.0591	0.98
A	0.002799	0.0034	1.00
T	0.003125	0.0729	0.96
T	0.002383	0.0194	0.99
T	0.004356	0.0978	0.96
T	0.002156	-0.0082	1.00
G	0.003305	0.1450	0.91
G	0.002293	0.0228	0.99
T	0.002169	0.0014	1.00
G	0.001565	0.0013	1.00
G	0.001935	0.0071	1.00
T	0.001351	-0.0040	1.00
G	0.001672	-0.0032	1.00
G	0.003022	0.0213	0.99
T	0.002983	0.0526	0.98
T	0.002233	0.0105	1.00
T	0.002334	0.0099	1.00
T	0.001522	0.0045	1.00
C	0.001781	-0.0009	1.00
G	0.002157	0.0053	1.00
G	0.001730	-0.0199	0.99
G	0.000676	-0.0026	0.99
A	0.004130	0.4457	0.71
C	0.000694	0.0027	0.99
A	0.001927	-0.0023	1.00
G	0.000576	-0.0069	0.98
G	0.001964	0.0128	0.99
G	0.000947	-0.0078	0.99
T	0.001486	-0.0011	1.00
C	0.000774	-0.0053	0.99
A	0.002662	0.0100	1.00
C	0.001440	0.0052	1.00
A	0.001256	-0.0056	1.00
T	0.002732	0.0191	0.99
T	0.002843	0.0458	0.98
G	0.000944	-0.0076	1.00
A	0.002131	0.0041	1.00
C	0.001727	0.0158	0.99
T	0.001818	0.0047	1.00
C	0.001982	-0.0011	1.00
G	0.000625	-0.0084	0.98
A	0.001915	0.0089	1.00
G	0.001053	-0.0073	0.99
A	0.001839	-0.0065	1.00
C	0.001657	0.0106	0.99
G	0.002695	0.0119	0.99
T	0.001460	-0.0110	1.00
A	0.001491	0.0053	1.00
T	0.001782	0.0045	1.00
A	0.000860	-0.0035	1.00
T	0.001233	-0.0008	1.00
A	0.003305	0.0304	0.99
G	0.001778	-0.0022	1.00
A	0.001925	0.0159	0.99
G	0.002310	0.0257	0.99
A	0.002521	0.0796	0.95
G	0.003771	0.1860	0.89
A	0.002594	-0.0044	1.00
T	0.002403	0.0072	1.00
T	0.002399	0.0060	1.00
G	0.001243	-0.0094	0.99
C	0.003232	0.0141	0.99
G	0.001001	0.0016	1.00
T	0.002918	0.0372	0.99
A	0.003640	0.0423	0.98
C	0.001862	0.0142	0.99
A	0.002976	0.0292	0.99
T	0.002939	0.0223	0.99
G	0.001890	0.0241	0.99
G	0.001500	-0.0051	1.00
A	0.002006	-0.0016	1.00
C	0.003573	0.1883	0.89
A	0.003697	0.1390	0.92
T	0.001710	-0.0167	1.00
C	0.001629	0.0057	0.99
A	0.001994	0.0115	0.99
G	0.002932	0.0149	0.99
A	0.004185	0.2044	0.89
G	0.002178	-0.0120	1.00
G	0.000658	-0.0068	0.99
C	0.004625	0.1432	0.94
C	0.000819	-0.0043	0.99
T	0.001191	-0.0117	0.99
T	0.001562	0.0070	1.00
A	0.001669	-0.0034	1.00
A	0.002927	0.0481	0.98
A	0.002142	-0.0201	1.00
C	0.002333	-0.0153	1.00
C	0.003242	0.0711	0.96
T	0.001552	-0.0005	1.00
G	0.000565	-0.0073	0.99
A	0.001865	0.0037	1.00
C	0.000652	-0.0065	0.99
G	0.000962	-0.0086	0.99
A	0.002428	0.0197	0.99
C	0.001794	0.0077	1.00
A	0.002715	0.0147	1.00
C	0.001267	-0.0160	0.99
G	0.000655	-0.0035	0.99
G	0.002036	0.0146	0.99
C	0.000946	-0.0018	0.99
C	0.000508	-0.0038	0.99
G	0.002948	0.0291	0.98
T	0.002225	0.0038	1.00
C	0.003034	0.2094	0.86
T	0.002760	0.0562	0.97
A	0.004134	0.1079	0.96
T	0.002078	0.0082	1.00
T	0.003075	0.0482	0.98
A	0.003567	0.0594	0.98
C	0.002514	0.0564	0.97
T	0.001587	-0.0111	1.00
G	0.002751	0.0261	0.99
T	0.001701	-0.0065	1.00
G	0.001726	-0.0158	1.00
C	0.001514	-0.0214	0.99
G	0.001195	-0.0062	1.00
A	0.002437	0.0254	0.99
G	0.001669	-0.0049	1.00
A	0.002025	0.0070	1.00
G	0.003000	0.0448	0.98
A	0.002167	-0.0245	0.99
C	0.001781	-0.0011	1.00
C	0.001955	-0.0021	1.00
G	0.003542	0.0557	0.98
T	0.002473	0.0068	1.00
T	0.001772	-0.0031	1.00
C	0.002943	0.0623	0.97
C	0.002548	0.1131	0.92
T	0.003090	0.0399	0.98
A	0.003630	0.0532	0.98
T	0.002271	0.0287	0.99
G	0.001999	-0.0097	1.00
G	0.002476	0.0267	0.99
C	0.002352	0.0185	0.99
G	0.001001	0.0031	0.99
A	0.002044	0.0170	0.99
C	0.001332	0.0057	1.00
T	0.001232	-0.0057	1.00
C	0.001150	-0.0009	1.00
C	0.001753	0.0100	0.99
T	0.001546	0.0002	1.00
C	0.001104	-0.0019	1.00
T	0.002378	0.0202	0.99
T	0.002127	0.0014	1.00
G	0.000372	-0.0060	0.97
G	0.000365	-0.0052	0.97
G	0.003645	0.0591	0.98
C	0.000854	0.0030	0.99
C	0.002347	0.0095	1.00
T	0.002345	0.0086	1.00
T	0.002022	0.0073	1.00
A	0.001738	0.0061	1.00
G	0.001355	-0.0098	1.00
A	0.001951	-0.0019	1.00
T	0.004061	0.1417	0.93
G	0.001218	0.0039	1.00
C	0.001576	0.0020	1.00
C	0.000889	-0.0027	1.00
T	0.001731	-0.0021	1.00
G	0.000337	-0.0021	0.99
G	0.000255	-0.0029	0.97
G	0.000367	-0.0041	0.98
G	0.000834	-0.0038	0.99
A	0.000701	-0.0038	0.99
C	0.000423	-0.0050	0.98
A	0.002324	0.0117	1.00
G	0.004192	0.1228	0.95
G	0.000673	-0.0079	0.99
G	0.002102	0.0064	1.00
A	0.000925	-0.0038	1.00
A	0.001796	-0.0064	1.00
C	0.001130	-0.0118	0.99
G	0.002520	0.0336	0.98
A	0.003812	0.0816	0.97
C	0.002640	0.0514	0.98
G	0.001830	0.0098	0.99
G	0.001184	0.0041	1.00
T	0.001475	-0.0000	1.00
C	0.000797	-0.0057	0.99
G	0.002699	0.0083	1.00
T	0.001510	-0.0004	1.00
C	0.001018	-0.0089	0.99
G	0.001110	-0.0027	1.00
T	0.001540	0.0034	1.00
C	0.000909	-0.0016	1.00
T	0.001471	-0.0071	1.00
C	0.001032	-0.0018	1.00
C	0.003518	0.0715	0.97
G	0.001519	-0.0020	1.00
C	0.001600	-0.0097	1.00
G	0.002770	0.0160	0.99
