C	0.001901	-0.0000	1.00
A	0.002412	0.0103	1.00
G	0.001826	0.0032	1.00
C	0.002308	0.0188	0.99
A	0.001957	-0.0037	1.00
G	0.002029	-0.0130	1.00
C	0.001755	-0.0229	0.99
G	0.001933	-0.0212	0.99
A	0.003084	0.0703	0.96
T	0.003948	0.1080	0.95
T	0.001475	-0.0129	0.99
A	0.001443	-0.0099	1.00
G	0.002308	0.0134	0.99
T	0.002084	0.0031	1.00
G	0.001481	0.0044	1.00
G	0.001108	-0.0024	1.00
A	0.002102	0.0101	1.00
G	0.001236	0.0008	1.00
T	0.001187	-0.0040	1.00
C	0.000844	-0.0053	0.99
T	0.001453	-0.0027	1.00
G	0.000567	-0.0023	0.99
G	0.000787	-0.0101	0.98
G	0.001176	-0.0158	0.99
G	0.002990	0.0235	0.99
G	0.001920	0.0170	0.99
A	0.001378	-0.0118	0.99
G	0.000507	-0.0034	0.99
G	0.001194	-0.0095	0.99
C	0.000717	-0.0054	0.99
G	0.002154	0.0047	1.00
T	0.002231	0.0059	1.00
G	0.001609	0.0059	1.00
G	0.001011	0.0036	1.00
T	0.001277	-0.0026	1.00
C	0.000656	-0.0035	0.99
C	0.000473	-0.0071	0.98
A	0.001854	0.0052	1.00
G	0.000895	-0.0059	0.99
C	0.002801	0.0027	1.00
C	0.000614	-0.0009	1.00
T	0.002221	0.0169	1.00
G	0.000683	-0.0045	0.99
G	0.001971	-0.0016	1.00
G	0.002043	0.0153	0.99
T	0.001411	-0.0110	0.99
C	0.002122	0.0163	0.99
G	0.000614	-0.0101	0.98
T	0.001386	-0.0056	1.00
C	0.000973	0.0009	1.00
C	0.001058	-0.0035	1.00
C	0.000734	-0.0019	0.99
T	0.001269	-0.0049	1.00
G	0.001359	0.0021	1.00
A	0.001348	-0.0025	1.00
G	0.000683	-0.0044	0.99
A	0.000838	-0.0100	0.98
C	0.001209	0.0014	1.00
T	0.001326	0.0026	1.00
C	0.000956	-0.0046	1.00
T	0.001745	0.0023	1.00
C	0.000917	-0.0011	1.00
C	0.001365	-0.0040	1.00
T	0.001795	-0.0013	1.00
G	0.002520	0.0141	0.99
T	0.001500	-0.0078	1.00
G	0.002064	-0.0140	1.00
C	0.001378	-0.0193	0.99
A	0.001875	-0.0214	0.99
G	0.001727	0.0054	1.00
C	0.004204	0.1123	0.95
G	0.001170	0.0008	1.00
T	0.001343	-0.0010	1.00
C	0.000854	-0.0047	0.99
C	0.001500	-0.0048	1.00
G	0.001167	-0.0068	0.99
G	0.002529	0.0308	0.99
A	0.001868	-0.0098	1.00
T	0.002643	0.0158	0.99
T	0.001202	-0.0016	1.00
C	0.001613	-0.0007	1.00
G	0.002320	0.0037	1.00
A	0.001417	0.0035	1.00
C	0.001827	0.0145	0.99
T	0.002025	-0.0054	1.00
T	0.001285	-0.0026	1.00
C	0.002463	0.0107	0.99
A	0.002198	0.0050	1.00
G	0.003639	0.1639	0.90
T	0.002761	0.0327	0.99
A	0.002951	0.0051	1.00
G	0.003103	0.0547	0.98
A	0.003420	0.1152	0.93
C	0.002422	0.0111	0.99
A	0.003980	0.0729	0.97
A	0.001685	0.0212	0.99
G	0.000580	-0.0044	0.99
G	0.002965	0.0294	0.99
C	0.000958	-0.0078	0.99
A	0.002454	0.0160	1.00
T	0.002458	0.0216	0.99
G	0.003121	0.1118	0.93
C	0.002205	0.0154	0.99
A	0.002666	0.0375	0.99
C	0.002072	0.0081	1.00
T	0.001371	-0.0084	1.00
G	0.000369	-0.0041	0.98
G	0.000697	-0.0036	0.99
G	0.000648	-0.0047	0.99
T	0.001265	-0.0035	1.00
C	0.000428	-0.0038	0.99
C	0.000855	-0.0010	1.00
G	0.000618	-0.0032	0.99
C	0.001164	-0.0035	1.00
C	0.000416	-0.0005	0.99
A	0.001421	0.0031	1.00
G	0.000502	-0.0050	0.99
G	0.004349	0.1084	0.96
C	0.000907	-0.0038	0.99
T	0.001157	-0.0024	1.00
C	0.000718	-0.0043	0.99
C	0.000870	-0.0013	1.00
A	0.001631	-0.0020	1.00
G	0.000417	-0.0046	0.97
G	0.001477	-0.0132	1.00
C	0.001268	-0.0156	0.99
C	0.002004	-0.0049	1.00
A	0.004206	0.0902	0.96
G	0.000412	-0.0030	0.98
G	0.000732	-0.0098	0.98
G	0.000428	-0.0065	0.96
G	0.003511	0.0352	0.99
C	0.000644	-0.0033	0.99
T	0.001208	-0.0083	1.00
G	0.001161	-0.0025	1.00
G	0.001244	-0.0054	1.00
A	0.002030	0.0108	1.00
G	0.002628	0.0355	0.98
T	0.001753	0.0040	1.00
G	0.000572	-0.0043	0.99
G	0.000920	-0.0094	0.99
G	0.002106	0.0047	1.00
T	0.002006	0.0066	1.00
G	0.000685	-0.0040	1.00
G	0.003029	0.0304	0.99
C	0.001027	-0.0050	1.00
A	0.002652	0.0279	0.99
T	0.002936	0.0409	0.98
T	0.001726	-0.0172	0.99
T	0.002426	0.0242	0.99
A	0.003719	0.1166	0.95
T	0.002322	0.0369	0.98
T	0.004004	0.0836	0.97
A	0.001314	-0.0000	1.00
A	0.000951	-0.0101	0.99
A	0.002382	0.0144	1.00
T	0.002677	0.0345	0.99
A	0.004084	0.1400	0.94
T	0.001446	-0.0160	0.99
G	0.002395	0.0496	0.97
A	0.001998	-0.0093	1.00
T	0.002440	0.0105	1.00
G	0.001488	0.0091	1.00
G	0.001594	-0.0035	1.00
A	0.002004	0.0128	0.99
A	0.002708	0.0147	0.99
G	0.003572	0.1288	0.93
T	0.002241	-0.0094	1.00
G	0.003172	0.0374	0.99
A	0.003189	0.0507	0.98
G	0.002415	0.0198	0.99
A	0.002900	0.0204	0.99
A	0.002931	0.0338	0.99
A	0.003331	0.0608	0.97
T	0.002731	0.0194	0.99
A	0.003216	0.0401	0.99
T	0.002364	0.0332	0.98
C	0.002143	0.0105	1.00
A	0.004085	0.0711	0.98
T	0.001807	-0.0074	1.00
G	0.003591	0.1097	0.94
C	0.001453	-0.0175	0.99
T	0.001656	-0.0016	1.00
G	0.000412	-0.0051	0.97
A	0.000773	-0.0073	0.99
C	0.001196	0.0014	1.00
T	0.000995	-0.0060	0.99
C	0.000911	-0.0021	0.99
C	0.001352	0.0028	1.00
G	0.002444	0.0124	1.00
T	0.001661	-0.0008	1.00
A	0.001082	-0.0063	0.99
T	0.001535	-0.0028	1.00
G	0.001278	-0.0086	0.99
G	0.000395	-0.0024	0.99
G	0.000581	-0.0015	0.99
G	0.000652	-0.0028	0.99
C	0.000829	-0.0034	0.99
C	0.000223	-0.0024	0.98
G	0.002286	0.0163	0.99
A	0.002296	0.0101	1.00
C	0.002646	0.0172	0.99
T	0.001198	-0.0004	1.00
C	0.001616	-0.0019	1.00
A	0.002335	0.0035	1.00
G	0.001343	0.0003	1.00
C	0.001037	-0.0061	1.00
A	0.002941	0.0197	0.99
T	0.001569	0.0012	1.00
C	0.001905	0.0118	0.99
T	0.001655	0.0054	1.00
C	0.000816	-0.0060	0.99
C	0.000918	-0.0033	1.00
A	0.000930	-0.0105	0.99
G	0.001137	0.0029	1.00
A	0.001745	0.0028	1.00
G	0.000659	-0.0039	0.99
A	0.001815	0.0080	1.00
C	0.000881	-0.0092	0.99
A	0.002262	0.0257	0.99
A	0.003460	0.0579	0.98
T	0.002253	0.0174	0.99
T	0.001466	-0.0075	1.00
C	0.002634	0.0450	0.98
C	0.001796	-0.0006	1.00
A	0.001877	-0.0026	1.00
A	0.002230	-0.0047	1.00
G	0.001159	-0.0065	1.00
G	0.001180	-0.0065	0.99
A	0.002794	0.0059	1.00
T	0.002978	0.0218	0.99
A	0.002295	0.0064	1.00
C	0.001602	0.0032	1.00
G	0.003884	0.1240	0.94
C	0.002111	0.0470	0.97
T	0.001484	-0.0095	0.99
T	0.002674	0.0480	0.97
T	0.002394	0.0450	0.98
A	0.004135	0.1166	0.96
T	0.001179	-0.0132	0.99
C	0.002274	0.0578	0.96
T	0.001961	0.0113	0.99
C	0.002424	0.0308	0.98
C	0.002873	0.0919	0.95
A	0.002169	-0.0125	1.00
A	0.003355	0.0394	0.98
A	0.003254	0.0471	0.98
T	0.001753	-0.0065	1.00
G	0.001616	0.0067	0.99
A	0.001842	0.0008	1.00
A	0.002714	0.0077	1.00
T	0.002769	0.0204	0.99
A	0.002119	0.0008	1.00
G	0.000994	-0.0073	1.00
C	0.002465	0.0081	1.00
C	0.000682	-0.0031	0.99
T	0.001258	-0.0047	1.00
G	0.001349	0.0034	1.00
A	0.001375	-0.0032	1.00
G	0.001238	-0.0041	1.00
A	0.001427	-0.0125	0.99
G	0.001334	0.0177	0.99
T	0.004270	0.0999	0.96
C	0.000511	-0.0078	0.97
G	0.001152	0.0016	1.00
A	0.001672	-0.0023	1.00
G	0.002721	0.0423	0.98
G	0.000732	-0.0015	0.99
A	0.001585	-0.0064	1.00
C	0.001464	0.0062	1.00
A	0.002320	0.0088	1.00
C	0.001105	-0.0140	0.99
G	0.000627	-0.0062	0.99
G	0.003799	0.0523	0.98
C	0.000711	-0.0036	0.99
T	0.001275	-0.0057	1.00
A	0.002212	0.0202	0.99
C	0.001638	-0.0088	1.00
A	0.003097	0.1723	0.88
T	0.002550	0.0414	0.98
A	0.003894	0.0800	0.97
T	0.001788	0.0047	1.00
T	0.002837	0.0326	0.99
T	0.003274	0.0416	0.99
T	0.002351	0.0410	0.98
T	0.001308	-0.0104	0.99
G	0.002441	0.0174	0.99
T	0.001379	-0.0048	1.00
G	0.001380	-0.0128	0.99
T	0.001208	-0.0174	0.98
G	0.000982	-0.0060	0.99
A	0.002193	0.0160	0.99
G	0.001257	-0.0051	1.00
A	0.001775	0.0032	1.00
G	0.001107	-0.0027	1.00
A	0.001838	0.0154	0.99
G	0.000708	-0.0070	0.99
G	0.004370	0.1053	0.96
C	0.000703	-0.0047	0.99
T	0.001288	-0.0089	1.00
G	0.001401	-0.0109	1.00
G	0.002211	0.0156	0.99
T	0.002029	0.0048	1.00
G	0.000709	0.0020	1.00
G	0.000503	-0.0014	0.99
G	0.000739	-0.0047	0.99
C	0.000670	-0.0054	0.99
C	0.000424	-0.0018	0.99
C	0.000524	0.0001	0.99
G	0.000836	-0.0044	0.99
A	0.001835	0.0050	1.00
C	0.001374	0.0210	0.98
T	0.002287	0.0105	1.00
A	0.003658	0.0385	0.99
C	0.002121	0.0090	1.00
C	0.000935	-0.0091	0.99
G	0.003731	0.1748	0.90
T	0.002809	0.0441	0.98
A	0.002990	0.0393	0.99
A	0.003262	0.0559	0.98
T	0.002353	0.0376	0.98
G	0.000954	-0.0124	0.99
G	0.002246	-0.0011	1.00
G	0.003759	0.2046	0.88
T	0.003307	0.0944	0.95
A	0.003062	0.0385	0.99
C	0.001956	-0.0013	1.00
A	0.002102	-0.0049	1.00
A	0.002873	0.0134	1.00
C	0.003254	0.0442	0.98
T	0.002142	0.0110	1.00
A	0.004082	0.0820	0.97
T	0.001744	0.0050	1.00
T	0.002865	0.0331	0.99
A	0.003098	0.0356	0.99
C	0.001520	-0.0087	1.00
G	0.003089	0.1004	0.94
A	0.002489	0.0081	1.00
T	0.002716	0.0267	0.99
T	0.001610	-0.0060	1.00
T	0.001736	0.0086	1.00
C	0.001752	0.0036	1.00
T	0.001537	0.0043	1.00
A	0.000572	-0.0079	0.98
T	0.000687	-0.0075	0.99
G	0.001954	0.0150	0.99
A	0.002848	0.0285	0.99
T	0.001740	0.0050	1.00
G	0.001733	0.0019	1.00
G	0.002886	0.0238	0.99
T	0.002116	0.0044	1.00
T	0.002432	0.0233	0.99
A	0.003903	0.0919	0.96
T	0.001850	0.0019	1.00
T	0.002412	0.0525	0.97
A	0.003899	0.1167	0.95
T	0.002025	-0.0119	1.00
A	0.003263	0.0336	0.99
A	0.002838	0.0338	0.99
C	0.002868	0.0531	0.97
T	0.002400	0.0102	1.00
A	0.003465	0.0419	0.99
C	0.002392	0.0336	0.98
C	0.002447	0.0095	1.00
A	0.003435	0.0441	0.99
C	0.002417	0.0323	0.99
T	0.002470	0.0107	1.00
A	0.003316	0.0276	0.99
T	0.001631	0.0090	1.00
A	0.002678	0.0177	1.00
T	0.002612	0.0131	1.00
G	0.001575	0.0193	0.99
G	0.000632	-0.0034	0.99
A	0.002271	0.0152	1.00
C	0.000889	0.0010	0.99
G	0.001304	0.0017	0.99
T	0.001328	-0.0008	1.00
C	0.000777	-0.0037	1.00
T	0.001473	-0.0030	1.00
G	0.000323	-0.0033	0.98
G	0.000632	-0.0111	0.98
G	0.000638	-0.0102	0.98
G	0.004650	0.3792	0.78
C	0.000660	-0.0044	1.00
A	0.001565	-0.0069	1.00
A	0.003607	0.0380	0.99
A	0.002092	0.0008	1.00
G	0.000513	-0.0061	0.98
G	0.001663	0.0049	1.00
G	0.000952	-0.0073	1.00
A	0.001803	-0.0028	1.00
C	0.001572	0.0088	0.99
C	0.001323	-0.0037	1.00
A	0.002196	0.0060	1.00
C	0.000892	-0.0115	0.99
G	0.001236	-0.0073	0.99
G	0.000888	-0.0070	0.99
T	0.001237	-0.0020	1.00
C	0.000621	-0.0036	0.99
A	0.002305	0.0045	1.00
C	0.001287	-0.0022	1.00
C	0.000815	-0.0073	0.99
G	0.000939	-0.0033	0.99
T	0.001328	-0.0007	1.00
C	0.000776	-0.0021	0.99
T	0.001681	0.0059	1.00
C	0.000895	0.0008	0.99
G	0.001471	0.0078	0.99
A	0.001281	-0.0034	1.00
G	0.001309	-0.0080	0.99
C	0.002438	0.0098	1.00
