C	0.001906	0.0017	1.00
A	0.002411	0.0115	1.00
G	0.001803	0.0059	1.00
G	0.002316	0.0190	0.99
T	0.002017	-0.0057	1.00
G	0.002042	-0.0118	1.00
C	0.001749	-0.0221	0.99
A	0.001947	-0.0226	0.99
T	0.003077	0.0708	0.97
C	0.003935	0.1103	0.94
T	0.001462	-0.0115	1.00
G	0.001472	-0.0106	1.00
A	0.002333	0.0166	0.99
C	0.001994	-0.0034	1.00
G	0.001991	-0.0109	1.00
C	0.001649	-0.0240	0.99
A	0.002805	0.0291	0.99
G	0.001574	0.0187	0.98
T	0.001259	-0.0065	0.99
C	0.000861	-0.0040	1.00
T	0.001449	-0.0020	1.00
G	0.000547	-0.0013	1.00
G	0.000755	-0.0076	0.99
G	0.000433	-0.0063	0.98
C	0.003563	0.0356	0.99
C	0.000653	-0.0031	0.99
T	0.000898	-0.0085	0.99
G	0.001244	0.0019	1.00
A	0.001704	-0.0007	1.00
G	0.002320	0.0164	0.99
G	0.002116	0.0237	0.99
T	0.002070	0.0099	1.00
G	0.001299	-0.0112	1.00
A	0.001569	-0.0018	1.00
G	0.002861	0.0418	0.98
G	0.001186	-0.0052	1.00
A	0.001530	-0.0036	1.00
A	0.002817	0.0282	0.99
G	0.000742	-0.0057	0.99
C	0.002599	0.0102	1.00
C	0.000608	-0.0010	1.00
T	0.002322	0.0167	0.99
G	0.000527	-0.0001	0.99
G	0.000512	-0.0030	0.99
G	0.000298	-0.0030	0.98
A	0.000693	-0.0035	0.99
C	0.000505	-0.0015	0.99
C	0.000437	-0.0024	0.99
T	0.001205	-0.0007	1.00
C	0.000464	-0.0035	0.99
C	0.002130	0.0058	1.00
G	0.002073	0.0109	0.99
T	0.001379	-0.0006	1.00
A	0.001077	-0.0070	0.99
A	0.001501	-0.0005	1.00
A	0.001519	-0.0126	0.99
G	0.001910	0.0176	0.99
G	0.000555	-0.0089	0.97
T	0.001938	0.0126	0.99
C	0.000743	-0.0012	0.99
T	0.001689	0.0052	1.00
C	0.000910	-0.0004	1.00
C	0.001449	-0.0042	1.00
T	0.001457	-0.0158	0.99
G	0.002717	0.0237	0.99
C	0.001591	0.0137	0.99
A	0.001981	-0.0019	1.00
A	0.003265	0.0969	0.95
G	0.000546	-0.0055	0.99
G	0.003565	0.1155	0.94
C	0.000777	0.0009	0.99
C	0.002471	0.0291	0.99
C	0.001267	-0.0019	1.00
C	0.002540	0.0458	0.97
T	0.001462	-0.0012	1.00
G	0.001150	-0.0054	1.00
G	0.002238	0.0371	0.98
A	0.002069	-0.0077	1.00
A	0.003517	0.0963	0.96
A	0.002873	0.0605	0.97
C	0.001655	-0.0084	1.00
A	0.002714	0.0292	0.99
C	0.001458	0.0032	1.00
A	0.001792	0.0149	0.99
T	0.001959	-0.0016	1.00
T	0.001244	-0.0009	1.00
G	0.001649	-0.0001	1.00
A	0.002294	0.0060	1.00
A	0.001380	-0.0007	1.00
G	0.001426	0.0059	0.99
A	0.001866	-0.0015	1.00
C	0.003028	0.0387	0.99
T	0.001599	-0.0155	0.99
T	0.002413	0.0244	0.99
A	0.003936	0.0831	0.97
T	0.001407	-0.0163	0.99
G	0.002333	0.0510	0.97
A	0.002136	0.0022	1.00
T	0.003004	0.0352	0.99
C	0.003947	0.0890	0.96
T	0.001345	0.0005	1.00
A	0.001847	-0.0006	1.00
C	0.002061	0.0012	1.00
A	0.002817	0.0190	0.99
C	0.003508	0.0851	0.96
T	0.001456	-0.0096	1.00
G	0.000411	-0.0053	0.98
G	0.000853	-0.0077	0.99
G	0.002143	0.0060	1.00
T	0.001843	-0.0002	1.00
G	0.001306	-0.0106	0.99
C	0.000913	-0.0169	0.98
G	0.000587	-0.0037	0.99
C	0.002219	0.0131	1.00
A	0.000386	-0.0041	0.99
G	0.001226	-0.0046	1.00
C	0.000355	-0.0022	0.99
G	0.000689	-0.0010	0.99
T	0.000599	-0.0030	0.99
C	0.000490	-0.0023	0.99
C	0.001983	0.0073	1.00
C	0.001858	0.0137	0.99
T	0.001344	-0.0083	0.99
G	0.000976	-0.0026	0.99
G	0.000576	-0.0020	0.99
A	0.001418	-0.0043	1.00
C	0.000769	-0.0093	0.99
A	0.001882	0.0010	1.00
A	0.004241	0.0914	0.97
G	0.000628	-0.0081	0.98
G	0.000620	-0.0022	0.99
C	0.003322	0.0417	0.99
C	0.000857	-0.0006	1.00
T	0.001856	-0.0044	1.00
T	0.001189	-0.0105	0.99
C	0.001215	0.0053	1.00
A	0.001767	0.0035	1.00
G	0.002632	0.0363	0.98
T	0.001757	0.0042	1.00
G	0.001021	-0.0056	1.00
G	0.001434	-0.0007	1.00
A	0.002936	0.0432	0.98
T	0.002284	0.0134	1.00
G	0.000836	-0.0116	0.99
G	0.001570	0.0020	1.00
G	0.003209	0.0817	0.96
A	0.003036	0.0385	0.99
T	0.002406	0.0132	0.99
G	0.001188	-0.0024	1.00
G	0.001543	-0.0017	1.00
A	0.002840	0.0409	0.98
T	0.002181	0.0099	1.00
A	0.001618	0.0091	0.99
A	0.001826	0.0017	1.00
G	0.003009	0.0209	0.99
C	0.003502	0.0655	0.97
C	0.001639	-0.0119	1.00
A	0.001166	-0.0151	0.99
T	0.002223	0.0119	1.00
G	0.003121	0.0210	0.99
A	0.002545	0.0118	0.99
G	0.002548	0.0286	0.98
G	0.002166	0.0081	1.00
G	0.002222	0.0095	1.00
C	0.001662	0.0064	1.00
G	0.001836	0.0031	0.99
A	0.003360	0.1299	0.93
C	0.002745	0.0581	0.97
A	0.003080	0.0378	0.99
A	0.002574	0.0111	1.00
G	0.002617	0.0296	0.99
A	0.001694	-0.0121	1.00
A	0.001793	0.0088	1.00
G	0.001624	-0.0094	1.00
G	0.000593	-0.0081	0.98
T	0.003996	0.1136	0.95
C	0.001158	0.0081	0.99
A	0.002123	0.0176	0.99
T	0.004094	0.0734	0.97
T	0.001801	-0.0080	1.00
G	0.003276	0.1133	0.94
T	0.002038	0.0166	0.99
G	0.001838	-0.0005	1.00
G	0.001312	0.0015	1.00
A	0.001653	0.0062	1.00
A	0.001123	-0.0037	1.00
A	0.001378	-0.0011	1.00
G	0.002651	0.0147	1.00
A	0.002955	0.0321	0.99
T	0.002137	0.0172	0.99
T	0.001430	-0.0030	1.00
C	0.002690	0.0432	0.98
A	0.000704	-0.0129	0.97
A	0.001587	-0.0003	1.00
G	0.001391	-0.0176	0.99
G	0.000539	-0.0017	0.99
C	0.004536	0.3837	0.78
C	0.000607	0.0031	0.99
A	0.001413	-0.0044	1.00
A	0.001131	0.0034	1.00
A	0.001358	-0.0028	1.00
G	0.001251	0.0017	1.00
T	0.001470	0.0079	1.00
C	0.000748	-0.0069	0.99
A	0.002306	0.0050	1.00
C	0.001242	0.0022	1.00
C	0.001047	-0.0051	1.00
A	0.002391	0.0125	1.00
T	0.002620	0.0303	0.99
T	0.000780	-0.0067	0.99
G	0.001791	0.0020	1.00
A	0.001546	0.0093	0.99
T	0.001557	0.0029	1.00
T	0.001711	-0.0017	1.00
G	0.001658	0.0053	1.00
G	0.001355	0.0023	1.00
G	0.001496	-0.0080	1.00
A	0.002770	0.0079	1.00
C	0.002912	0.0243	0.99
A	0.002788	0.0292	0.99
G	0.001649	0.0012	1.00
G	0.001664	0.0090	1.00
T	0.001412	-0.0003	1.00
C	0.000832	-0.0062	0.99
C	0.001108	-0.0026	1.00
A	0.002258	0.0150	0.99
C	0.003052	0.0469	0.98
C	0.002841	0.0126	0.99
A	0.002667	0.0225	0.99
A	0.002435	0.0831	0.94
T	0.003624	0.1516	0.91
A	0.002175	-0.0057	1.00
C	0.002058	0.0046	1.00
G	0.002037	0.0043	1.00
G	0.001011	-0.0079	0.99
C	0.002865	0.0046	1.00
C	0.000850	0.0000	1.00
T	0.002670	0.0251	0.99
A	0.003259	0.0280	0.99
T	0.001630	0.0093	0.99
C	0.002649	0.0199	0.99
T	0.002592	0.0147	1.00
C	0.001671	0.0206	0.99
C	0.001281	-0.0059	1.00
A	0.001706	-0.0043	1.00
A	0.003582	0.1519	0.92
C	0.003593	0.1136	0.94
T	0.001404	-0.0151	0.99
G	0.001405	0.0032	1.00
A	0.001721	0.0086	1.00
G	0.002655	0.0033	0.99
C	0.004195	0.1683	0.91
G	0.002156	-0.0247	0.99
G	0.000926	-0.0062	0.99
C	0.002537	0.0073	1.00
C	0.000664	-0.0019	1.00
T	0.001263	-0.0044	1.00
C	0.001343	0.0049	1.00
A	0.001422	-0.0046	1.00
C	0.002672	0.0358	0.98
A	0.001802	-0.0210	0.99
T	0.001933	-0.0146	1.00
C	0.002956	0.0543	0.97
T	0.001324	-0.0027	1.00
G	0.001217	0.0033	1.00
G	0.001646	0.0021	1.00
C	0.002684	0.0436	0.98
G	0.000730	-0.0009	0.99
A	0.001567	-0.0065	1.00
C	0.001455	0.0064	0.99
A	0.002390	0.0059	1.00
C	0.000980	-0.0121	0.99
G	0.000537	-0.0035	0.99
G	0.001804	0.0085	1.00
C	0.000771	-0.0017	1.00
C	0.000408	-0.0035	0.98
G	0.002698	0.0177	0.99
T	0.001885	0.0021	1.00
C	0.003126	0.1726	0.88
T	0.002524	0.0441	0.98
A	0.003871	0.0841	0.97
T	0.001783	0.0046	1.00
T	0.002817	0.0347	0.98
A	0.003273	0.0425	0.98
T	0.002352	0.0402	0.98
T	0.001319	-0.0099	0.99
G	0.002406	0.0200	0.99
T	0.001382	-0.0037	1.00
G	0.001375	-0.0119	0.99
C	0.001192	-0.0176	0.98
G	0.000955	-0.0042	1.00
A	0.002138	0.0196	0.99
A	0.001259	-0.0036	1.00
A	0.001840	0.0157	0.99
G	0.000740	-0.0077	0.99
G	0.004327	0.1090	0.96
C	0.000934	-0.0043	1.00
T	0.001093	-0.0051	1.00
C	0.000510	-0.0036	0.99
A	0.001939	0.0036	1.00
A	0.003039	0.0254	0.99
A	0.002692	0.0218	0.99
A	0.002756	0.0153	0.99
C	0.002619	0.0301	0.99
A	0.001735	-0.0128	1.00
C	0.001740	0.0087	0.99
A	0.001486	-0.0078	1.00
G	0.000527	-0.0061	0.98
G	0.004247	0.1123	0.95
C	0.000718	-0.0040	1.00
T	0.001785	-0.0041	1.00
G	0.002324	0.0229	0.99
C	0.001105	-0.0202	0.98
G	0.001095	-0.0074	0.99
A	0.002345	0.0232	0.99
G	0.002601	0.0352	0.98
A	0.001871	-0.0134	1.00
T	0.002330	0.0251	0.99
T	0.002686	0.0341	0.98
A	0.003206	0.0372	0.99
C	0.001759	0.0244	0.99
G	0.003879	0.1278	0.94
C	0.001602	-0.0008	1.00
T	0.001149	-0.0086	1.00
C	0.000944	-0.0036	1.00
T	0.001137	-0.0048	0.99
C	0.000927	-0.0019	1.00
T	0.003096	0.0533	0.98
A	0.003251	0.0386	0.99
C	0.001986	0.0217	0.99
G	0.001699	-0.0115	1.00
A	0.002207	0.0197	0.99
C	0.002076	0.0116	1.00
G	0.000898	0.0017	0.99
A	0.001785	0.0106	0.99
C	0.001400	0.0211	0.98
G	0.002250	0.0137	0.99
A	0.003436	0.0349	0.99
C	0.002078	0.0212	0.99
G	0.000584	-0.0055	0.99
G	0.002101	0.0032	1.00
C	0.001104	-0.0109	0.99
G	0.002816	0.0303	0.99
C	0.001726	0.0022	1.00
A	0.002657	0.0164	0.99
T	0.003883	0.1233	0.94
T	0.001154	-0.0080	0.99
G	0.001142	-0.0085	0.99
A	0.001647	-0.0001	1.00
A	0.002965	0.0282	0.99
T	0.002606	0.0354	0.99
T	0.001489	0.0013	1.00
G	0.000293	-0.0043	0.98
G	0.000265	-0.0036	0.97
G	0.003553	0.0371	0.99
C	0.000573	-0.0010	0.99
T	0.001170	-0.0032	1.00
G	0.000571	-0.0040	0.99
T	0.001396	0.0036	1.00
C	0.000522	-0.0050	0.98
G	0.002082	0.0334	0.98
A	0.001880	-0.0107	1.00
T	0.003362	0.1111	0.94
G	0.003080	0.0528	0.98
T	0.001869	-0.0054	1.00
T	0.002253	0.0401	0.98
G	0.000635	-0.0028	0.99
A	0.001771	0.0108	1.00
C	0.001361	0.0223	0.98
T	0.002261	0.0139	1.00
A	0.003651	0.0394	0.99
C	0.001965	0.0021	1.00
C	0.001572	0.0182	0.98
T	0.002850	0.0459	0.98
T	0.001869	-0.0003	1.00
T	0.001149	-0.0003	1.00
C	0.001721	-0.0063	1.00
G	0.001721	0.0210	0.98
A	0.001800	0.0040	1.00
A	0.002817	0.0329	0.99
C	0.002965	0.0450	0.98
T	0.002148	0.0316	0.99
T	0.001615	0.0021	1.00
G	0.000735	-0.0019	1.00
G	0.000623	-0.0031	0.99
A	0.002330	0.0161	0.99
A	0.000887	0.0011	1.00
T	0.001336	0.0014	1.00
T	0.001341	-0.0005	1.00
C	0.000786	-0.0034	0.99
T	0.001430	-0.0004	1.00
G	0.000273	-0.0015	0.99
G	0.000196	-0.0020	0.98
G	0.000294	-0.0028	0.98
G	0.000682	-0.0035	1.00
C	0.000575	-0.0035	0.99
C	0.000330	-0.0035	0.98
A	0.002024	0.0052	1.00
A	0.003998	0.0941	0.96
G	0.000526	-0.0055	0.99
G	0.001756	0.0048	1.00
G	0.000926	-0.0051	0.99
A	0.001768	0.0014	1.00
C	0.001555	0.0110	0.99
C	0.001347	-0.0031	1.00
G	0.002207	0.0059	1.00
C	0.000907	-0.0118	0.98
C	0.001231	-0.0057	1.00
G	0.000863	-0.0047	1.00
T	0.001230	-0.0001	1.00
C	0.000623	-0.0038	1.00
A	0.002306	0.0054	1.00
C	0.001287	-0.0012	1.00
C	0.000807	-0.0061	1.00
G	0.000932	-0.0031	1.00
T	0.001334	0.0008	1.00
C	0.000786	-0.0027	1.00
T	0.001718	0.0038	1.00
C	0.000909	-0.0006	0.99
T	0.001464	0.0081	1.00
T	0.001295	-0.0028	1.00
C	0.001315	-0.0074	1.00
A	0.002410	0.0108	1.00
