C	0.001917	0.0017	1.00
A	0.002441	0.0117	1.00
G	0.001839	0.0047	1.00
G	0.002294	0.0230	0.99
T	0.002014	-0.0039	1.00
G	0.002082	-0.0123	1.00
C	0.001774	-0.0216	0.99
A	0.001937	-0.0188	1.00
G	0.003091	0.0746	0.96
T	0.003893	0.1168	0.94
T	0.001525	-0.0138	0.99
G	0.001484	-0.0106	1.00
G	0.002393	0.0136	0.99
T	0.002031	-0.0042	1.00
G	0.002038	-0.0112	1.00
C	0.001687	-0.0251	0.99
A	0.002853	0.0291	0.99
G	0.001601	0.0199	0.98
T	0.001237	-0.0043	1.00
C	0.000895	-0.0056	1.00
T	0.001430	0.0004	1.00
G	0.000569	-0.0020	0.99
G	0.000782	-0.0092	0.98
G	0.000433	-0.0064	0.98
G	0.003589	0.0376	0.99
C	0.000642	-0.0022	0.99
T	0.000948	-0.0101	0.99
G	0.001234	0.0039	1.00
A	0.001700	0.0015	1.00
A	0.002331	0.0177	0.99
G	0.002145	0.0238	0.99
T	0.002097	0.0113	1.00
G	0.001312	-0.0094	0.99
A	0.001609	-0.0035	1.00
A	0.002891	0.0434	0.98
G	0.001228	-0.0065	1.00
A	0.001541	-0.0024	1.00
A	0.002830	0.0287	0.99
G	0.000746	-0.0055	0.99
C	0.002666	0.0077	1.00
C	0.000620	-0.0011	0.99
T	0.002347	0.0185	0.99
G	0.000534	0.0003	0.99
G	0.000511	-0.0018	0.99
G	0.000306	-0.0028	0.98
T	0.000707	-0.0035	0.99
C	0.000504	-0.0011	0.99
C	0.000443	-0.0021	0.99
T	0.001201	0.0006	1.00
C	0.000469	-0.0031	0.99
A	0.002179	0.0069	1.00
G	0.002073	0.0135	0.99
T	0.001395	-0.0014	1.00
G	0.001087	-0.0062	0.99
A	0.001540	-0.0012	1.00
A	0.001555	-0.0129	1.00
G	0.001924	0.0191	0.99
G	0.000566	-0.0092	0.97
T	0.001943	0.0143	0.99
C	0.000750	-0.0006	0.99
T	0.001690	0.0070	1.00
C	0.000912	-0.0004	1.00
C	0.001457	-0.0019	1.00
T	0.001486	-0.0163	0.99
G	0.002734	0.0251	0.99
C	0.001614	0.0149	0.99
A	0.002027	-0.0021	1.00
A	0.003253	0.1019	0.95
G	0.000557	-0.0051	0.99
G	0.003582	0.1154	0.95
C	0.000799	0.0006	1.00
C	0.002490	0.0316	0.99
T	0.001295	-0.0024	1.00
C	0.002579	0.0459	0.97
T	0.001470	-0.0010	1.00
G	0.001162	-0.0047	1.00
G	0.002258	0.0381	0.98
A	0.002099	-0.0070	1.00
A	0.003556	0.0987	0.95
A	0.002893	0.0604	0.98
C	0.001689	-0.0074	1.00
A	0.002765	0.0292	0.99
G	0.001454	0.0058	1.00
T	0.001799	0.0168	0.99
T	0.001959	-0.0011	1.00
T	0.001234	0.0008	1.00
C	0.001697	-0.0010	1.00
A	0.002339	0.0064	1.00
G	0.001388	-0.0002	1.00
T	0.001434	0.0070	0.99
A	0.001903	-0.0009	1.00
A	0.003027	0.0427	0.98
T	0.001646	-0.0157	0.99
C	0.002359	0.0301	0.99
A	0.003960	0.0840	0.97
T	0.001433	-0.0154	0.99
G	0.002341	0.0559	0.96
A	0.002154	0.0033	1.00
T	0.003009	0.0359	0.98
G	0.003972	0.0916	0.96
T	0.001374	-0.0006	1.00
C	0.001870	-0.0003	0.99
C	0.002088	0.0026	1.00
A	0.002873	0.0185	0.99
C	0.003522	0.0893	0.95
T	0.001493	-0.0092	1.00
G	0.000422	-0.0059	0.98
G	0.000868	-0.0074	0.99
G	0.002117	0.0088	1.00
T	0.001889	-0.0004	1.00
A	0.001325	-0.0104	1.00
C	0.000932	-0.0174	0.98
G	0.000574	-0.0025	0.99
A	0.002296	0.0110	1.00
C	0.000396	-0.0040	0.98
A	0.001218	-0.0018	1.00
G	0.000376	-0.0026	0.99
G	0.000709	-0.0022	0.99
C	0.000617	-0.0036	0.99
C	0.000496	-0.0016	0.99
A	0.002023	0.0064	1.00
C	0.001877	0.0154	0.99
T	0.001352	-0.0075	1.00
G	0.001006	-0.0032	1.00
G	0.000587	-0.0021	0.99
A	0.001420	-0.0033	1.00
C	0.000757	-0.0089	0.99
A	0.001918	0.0011	1.00
G	0.004253	0.0946	0.96
G	0.000649	-0.0086	0.99
G	0.000643	-0.0026	0.99
G	0.003368	0.0403	0.99
C	0.000852	0.0008	1.00
T	0.001870	-0.0036	1.00
T	0.001197	-0.0095	0.99
G	0.001197	0.0070	0.99
A	0.001783	0.0039	1.00
A	0.002654	0.0386	0.98
T	0.001755	0.0063	1.00
G	0.001044	-0.0052	1.00
G	0.001444	-0.0001	1.00
A	0.002972	0.0431	0.98
T	0.002317	0.0151	0.99
G	0.000866	-0.0118	0.99
G	0.001591	0.0022	1.00
G	0.003203	0.0873	0.95
A	0.003089	0.0388	0.98
T	0.002448	0.0137	0.99
G	0.001194	-0.0017	1.00
G	0.001567	-0.0011	1.00
A	0.002858	0.0444	0.98
T	0.002207	0.0103	1.00
G	0.001667	0.0081	0.99
A	0.001828	0.0027	1.00
G	0.003019	0.0248	0.99
T	0.003540	0.0647	0.97
C	0.001644	-0.0108	1.00
A	0.001186	-0.0166	0.99
T	0.002238	0.0132	1.00
G	0.003154	0.0224	0.99
A	0.002535	0.0140	0.99
G	0.002585	0.0290	0.98
G	0.002208	0.0075	1.00
G	0.002261	0.0104	1.00
T	0.001678	0.0065	1.00
G	0.001842	0.0047	1.00
A	0.003355	0.1338	0.92
T	0.002747	0.0605	0.97
A	0.003128	0.0375	0.99
A	0.002596	0.0138	0.99
G	0.002593	0.0332	0.99
A	0.001757	-0.0138	1.00
C	0.001840	0.0067	1.00
A	0.001650	-0.0094	1.00
G	0.000596	-0.0080	0.98
G	0.003990	0.1178	0.95
C	0.001132	0.0102	0.99
T	0.002166	0.0176	0.99
T	0.004091	0.0783	0.97
G	0.001768	-0.0042	1.00
G	0.003289	0.1168	0.93
C	0.002049	0.0170	0.99
A	0.001861	-0.0008	1.00
C	0.001339	0.0007	1.00
A	0.001698	0.0042	1.00
A	0.001156	-0.0039	1.00
A	0.001407	-0.0010	1.00
A	0.002672	0.0158	1.00
G	0.002962	0.0347	0.99
T	0.002140	0.0183	0.99
T	0.001435	-0.0025	1.00
T	0.002673	0.0481	0.97
C	0.000728	-0.0133	0.97
A	0.001632	-0.0014	1.00
G	0.001393	-0.0157	1.00
G	0.000553	-0.0025	0.99
G	0.004474	0.3912	0.77
C	0.000616	0.0026	0.99
A	0.001434	-0.0037	1.00
G	0.001137	0.0040	1.00
A	0.001365	-0.0024	1.00
G	0.001239	0.0043	1.00
T	0.001491	0.0077	1.00
C	0.000752	-0.0062	0.99
A	0.002356	0.0038	1.00
C	0.001292	0.0017	1.00
C	0.001081	-0.0058	1.00
A	0.002443	0.0125	1.00
T	0.002614	0.0334	0.99
C	0.000792	-0.0071	0.99
A	0.001831	0.0018	1.00
C	0.001557	0.0113	0.99
G	0.001563	0.0037	1.00
A	0.001737	-0.0018	1.00
G	0.001653	0.0067	0.99
G	0.001375	0.0027	1.00
G	0.001558	-0.0094	1.00
A	0.002807	0.0097	1.00
C	0.002925	0.0258	0.99
A	0.002858	0.0283	0.99
G	0.001678	0.0012	1.00
T	0.001648	0.0107	0.99
G	0.001404	0.0013	1.00
G	0.000854	-0.0061	0.99
C	0.001116	-0.0016	0.99
G	0.002306	0.0146	1.00
C	0.003070	0.0501	0.98
A	0.002840	0.0153	0.99
A	0.002660	0.0257	0.99
G	0.002479	0.0835	0.95
T	0.003586	0.1571	0.91
A	0.002221	-0.0063	1.00
C	0.002092	0.0037	1.00
A	0.002047	0.0052	1.00
G	0.001034	-0.0079	1.00
T	0.002933	0.0032	1.00
C	0.000864	0.0010	1.00
T	0.002645	0.0297	0.99
A	0.003330	0.0294	0.99
C	0.001639	0.0101	1.00
A	0.002650	0.0220	0.99
T	0.002619	0.0161	0.99
G	0.001699	0.0187	0.99
G	0.001291	-0.0050	1.00
A	0.001719	-0.0032	1.00
G	0.003574	0.1574	0.91
T	0.003635	0.1116	0.94
T	0.001418	-0.0141	1.00
G	0.001412	0.0049	1.00
C	0.001742	0.0089	1.00
G	0.002697	0.0043	0.99
C	0.004190	0.1721	0.91
G	0.002198	-0.0244	0.99
G	0.000885	-0.0028	1.00
C	0.002531	0.0101	1.00
C	0.000679	-0.0022	0.99
T	0.001268	-0.0036	1.00
G	0.001375	0.0043	1.00
A	0.001412	-0.0025	1.00
C	0.002701	0.0378	0.98
A	0.001814	-0.0199	0.99
G	0.001983	-0.0153	1.00
C	0.002995	0.0548	0.97
T	0.001356	-0.0034	1.00
G	0.001232	0.0037	0.99
A	0.001672	0.0021	1.00
C	0.002703	0.0464	0.98
G	0.000725	-0.0000	1.00
A	0.001589	-0.0052	1.00
C	0.001490	0.0058	1.00
A	0.002391	0.0087	1.00
C	0.001015	-0.0126	0.99
G	0.000551	-0.0042	0.99
G	0.001799	0.0111	1.00
C	0.000793	-0.0019	1.00
C	0.000415	-0.0031	0.98
A	0.002697	0.0193	0.99
T	0.001925	0.0031	1.00
T	0.003100	0.1798	0.88
T	0.002521	0.0476	0.98
A	0.003937	0.0848	0.97
T	0.001821	0.0046	0.99
T	0.002829	0.0382	0.98
A	0.003283	0.0453	0.98
T	0.002343	0.0438	0.97
T	0.001340	-0.0090	0.99
G	0.002472	0.0071	1.00
T	0.001548	0.0016	1.00
T	0.001660	0.0044	1.00
T	0.001277	0.0024	0.99
G	0.000564	-0.0007	1.00
A	0.001809	0.0035	1.00
C	0.001104	0.0031	1.00
C	0.000831	-0.0058	0.99
G	0.000556	-0.0047	0.99
G	0.003817	0.0573	0.98
C	0.000897	-0.0025	1.00
T	0.001085	-0.0050	1.00
C	0.000526	-0.0042	0.99
A	0.001908	0.0068	1.00
A	0.003054	0.0295	0.99
A	0.002730	0.0215	0.99
A	0.002735	0.0196	0.99
C	0.002430	0.0217	0.99
A	0.002473	-0.0084	1.00
T	0.001491	0.0007	1.00
C	0.001250	-0.0060	1.00
G	0.001088	0.0011	1.00
C	0.001534	0.0040	1.00
C	0.000703	-0.0029	0.99
T	0.001340	-0.0132	0.99
G	0.002430	0.0203	0.99
C	0.001084	-0.0210	0.97
G	0.001111	-0.0075	1.00
A	0.002381	0.0230	0.99
G	0.002582	0.0382	0.98
A	0.001845	-0.0097	1.00
T	0.002358	0.0271	0.99
T	0.002493	0.0558	0.97
A	0.003774	0.0980	0.96
T	0.002002	0.0199	0.99
T	0.001600	-0.0040	1.00
T	0.001973	0.0101	1.00
T	0.001223	-0.0029	1.00
C	0.002746	0.0460	0.98
T	0.001531	-0.0046	1.00
G	0.002956	0.0476	0.97
T	0.003146	0.0553	0.98
A	0.003111	0.0442	0.98
C	0.001877	0.0015	1.00
A	0.002398	0.0232	0.99
A	0.003628	0.0600	0.98
T	0.001590	-0.0007	1.00
G	0.001436	0.0039	1.00
A	0.001732	-0.0001	1.00
A	0.003434	0.0816	0.97
T	0.002444	0.0414	0.98
A	0.004043	0.1430	0.94
T	0.001788	0.0210	0.99
G	0.000479	-0.0017	0.99
G	0.000811	-0.0054	0.99
C	0.000665	-0.0053	0.99
C	0.000369	-0.0019	0.98
C	0.000555	-0.0004	0.99
C	0.000547	-0.0008	0.99
A	0.001881	0.0051	1.00
A	0.003542	0.0619	0.98
T	0.001976	-0.0022	1.00
T	0.002565	0.0549	0.97
A	0.003850	0.0831	0.97
T	0.001437	-0.0160	0.99
G	0.001399	0.0048	0.99
A	0.001709	0.0004	1.00
A	0.002905	0.0419	0.98
G	0.000932	-0.0043	0.99
A	0.001438	-0.0040	1.00
G	0.002709	0.0379	0.98
T	0.001732	0.0080	1.00
G	0.000508	-0.0021	0.99
G	0.000334	-0.0055	0.96
G	0.001787	-0.0066	1.00
G	0.002096	0.0097	1.00
T	0.002064	0.0145	0.99
G	0.000932	0.0015	1.00
A	0.001768	0.0143	0.99
C	0.001373	0.0230	0.98
T	0.002290	0.0146	1.00
A	0.003639	0.0444	0.99
C	0.001942	0.0041	1.00
C	0.001677	0.0189	0.99
T	0.002030	0.0010	1.00
T	0.001863	-0.0011	1.00
G	0.002378	0.0226	0.99
C	0.001273	-0.0172	0.99
G	0.000645	-0.0045	0.99
A	0.001793	0.0086	1.00
C	0.000948	-0.0009	1.00
T	0.001773	0.0015	1.00
T	0.001855	0.0063	1.00
T	0.001383	0.0004	1.00
G	0.000733	-0.0019	0.99
G	0.000655	-0.0040	0.99
A	0.002368	0.0159	0.99
C	0.000896	0.0014	1.00
G	0.001319	0.0033	1.00
T	0.001350	0.0006	1.00
C	0.000802	-0.0043	0.99
T	0.001456	-0.0011	1.00
G	0.000262	-0.0010	0.99
G	0.000198	-0.0016	0.98
G	0.000304	-0.0033	0.98
G	0.000701	-0.0035	1.00
C	0.000576	-0.0027	0.99
C	0.000345	-0.0041	0.98
A	0.002052	0.0070	1.00
T	0.004011	0.0992	0.96
G	0.000542	-0.0054	0.99
G	0.001772	0.0063	1.00
G	0.000940	-0.0045	1.00
A	0.001797	0.0009	1.00
C	0.001568	0.0116	0.99
C	0.001325	-0.0019	1.00
G	0.002209	0.0083	1.00
C	0.000898	-0.0104	0.99
G	0.001257	-0.0066	1.00
G	0.000902	-0.0059	0.99
T	0.001234	0.0004	1.00
C	0.000615	-0.0028	1.00
A	0.002338	0.0054	1.00
C	0.001283	-0.0011	1.00
C	0.000817	-0.0068	0.99
G	0.000944	-0.0027	1.00
T	0.001346	0.0015	1.00
C	0.000803	-0.0029	0.99
T	0.001721	0.0055	1.00
C	0.000945	-0.0008	1.00
G	0.001481	0.0083	1.00
A	0.001309	-0.0029	1.00
G	0.001329	-0.0080	1.00
C	0.002427	0.0130	1.00
