C	0.002207	0.0018	1.00
A	0.002628	0.0196	0.99
G	0.003265	0.0864	0.95
T	0.003672	0.1400	0.93
T	0.002050	-0.0040	1.00
G	0.003115	0.0370	0.98
C	0.001938	-0.0204	1.00
A	0.002235	-0.0212	1.00
G	0.003129	0.0905	0.95
A	0.003888	0.1387	0.92
T	0.002085	-0.0046	1.00
G	0.003201	0.0373	0.98
C	0.001546	-0.0185	0.99
A	0.001716	-0.0029	1.00
G	0.001597	0.0139	0.99
G	0.000778	-0.0094	0.99
A	0.002277	0.0165	0.99
G	0.001391	0.0038	1.00
T	0.001487	0.0051	1.00
C	0.001003	0.0022	1.00
G	0.000238	-0.0040	0.96
G	0.000643	-0.0013	0.99
G	0.000864	-0.0049	1.00
C	0.000802	-0.0066	0.99
C	0.000530	-0.0017	1.00
C	0.000617	-0.0015	0.99
A	0.001887	-0.0021	1.00
G	0.001493	0.0050	1.00
G	0.000792	0.0003	1.00
A	0.001696	0.0053	1.00
C	0.000836	-0.0091	0.99
T	0.001426	-0.0055	1.00
G	0.001608	-0.0106	1.00
G	0.002425	0.0227	0.99
T	0.002319	0.0174	0.99
G	0.001506	-0.0122	1.00
A	0.001785	-0.0010	1.00
A	0.003063	0.0360	0.99
G	0.000884	-0.0075	0.99
C	0.002781	0.0176	0.99
C	0.000662	-0.0007	0.99
T	0.002376	-0.0001	1.00
T	0.001497	-0.0024	1.00
C	0.002942	0.0477	0.98
G	0.000892	-0.0070	0.99
G	0.001333	-0.0027	1.00
A	0.001819	0.0066	1.00
G	0.000825	-0.0044	0.99
A	0.002056	0.0107	1.00
C	0.001261	0.0032	1.00
C	0.001301	-0.0055	1.00
C	0.000876	-0.0024	1.00
T	0.001849	0.0056	1.00
G	0.000837	-0.0084	0.99
T	0.001735	0.0033	1.00
C	0.001068	0.0034	0.99
T	0.001244	-0.0042	1.00
C	0.001303	0.0066	0.99
T	0.001394	-0.0008	1.00
G	0.000813	-0.0074	0.99
A	0.002547	0.0082	1.00
G	0.001471	0.0125	0.99
T	0.002255	0.0345	0.98
T	0.001775	-0.0175	0.99
G	0.002904	0.0358	0.99
C	0.001641	-0.0170	0.99
A	0.003060	0.0509	0.98
C	0.002029	0.0178	0.99
T	0.001407	-0.0083	1.00
G	0.000808	-0.0076	0.99
T	0.001486	0.0023	1.00
C	0.000871	-0.0022	0.99
T	0.001244	-0.0039	1.00
C	0.001167	0.0018	1.00
T	0.001707	-0.0021	1.00
G	0.001638	-0.0105	1.00
G	0.002451	0.0211	0.99
T	0.002270	0.0094	1.00
G	0.000820	-0.0049	1.00
A	0.003926	0.0747	0.97
C	0.001047	-0.0032	1.00
T	0.001352	-0.0023	1.00
C	0.000903	-0.0059	0.99
C	0.001255	-0.0043	1.00
A	0.003262	0.0271	0.99
T	0.001706	-0.0027	1.00
A	0.001858	0.0147	0.99
A	0.000000	0.0000	nan
G	0.000000	0.0000	nan
G	0.000000	0.0000	nan
G	0.000000	0.0000	nan
G	0.000000	0.0000	nan
T	0.000000	0.0000	nan
G	0.000000	0.0000	nan
G	0.000000	0.0000	nan
C	0.000000	0.0000	nan
G	0.000000	0.0000	nan
A	0.000000	0.0000	nan
G	0.000000	0.0000	nan
T	0.000000	0.0000	nan
G	0.000000	0.0000	nan
G	0.000000	0.0000	nan
G	0.002276	0.0242	0.99
G	0.002469	0.0744	0.95
C	0.003657	0.1902	0.88
G	0.002747	0.0342	0.99
A	0.003431	0.1918	0.87
T	0.002850	0.0450	0.98
A	0.003305	0.0235	0.99
A	0.003526	0.1724	0.89
A	0.002964	0.0440	0.98
G	0.003161	0.0208	0.99
A	0.003030	0.0707	0.96
T	0.001854	-0.0159	1.00
T	0.003049	0.0468	0.98
A	0.003477	0.0564	0.98
T	0.002439	0.0456	0.97
C	0.002654	0.0190	0.99
A	0.003672	0.0597	0.98
T	0.002650	0.0503	0.98
T	0.001500	-0.0080	1.00
G	0.000321	-0.0024	0.98
G	0.000403	-0.0070	0.97
G	0.000508	-0.0076	0.97
G	0.003740	0.0510	0.98
C	0.000706	-0.0025	0.99
T	0.001412	-0.0086	1.00
G	0.000967	-0.0110	0.99
G	0.001556	0.0028	1.00
G	0.002142	-0.0016	1.00
T	0.001988	0.0048	1.00
C	0.001845	0.0062	1.00
C	0.001159	-0.0040	1.00
G	0.000810	-0.0064	0.99
C	0.001409	-0.0055	1.00
C	0.000490	-0.0009	0.99
A	0.001907	0.0119	0.99
C	0.001168	-0.0059	1.00
T	0.004599	0.2010	0.90
C	0.000838	-0.0105	0.99
A	0.000856	-0.0120	0.98
G	0.000615	-0.0005	1.00
C	0.000614	-0.0007	0.99
A	0.001775	0.0011	1.00
G	0.000703	-0.0109	0.97
G	0.001755	0.0091	1.00
A	0.002553	-0.0021	1.00
A	0.002200	0.0137	0.99
A	0.001588	-0.0102	0.99
G	0.000440	-0.0025	0.98
G	0.000812	-0.0094	0.99
G	0.000526	-0.0078	0.98
C	0.003780	0.0500	0.98
C	0.000734	-0.0031	0.99
T	0.001427	-0.0105	0.99
G	0.001311	-0.0004	1.00
G	0.001443	-0.0050	1.00
A	0.002239	0.0174	0.99
G	0.002818	0.0452	0.98
T	0.001947	0.0090	1.00
G	0.001309	-0.0085	1.00
G	0.001742	-0.0016	1.00
A	0.001880	-0.0045	1.00
T	0.002384	-0.0014	1.00
T	0.001634	0.0011	1.00
G	0.000652	-0.0070	0.99
G	0.001935	0.0057	1.00
G	0.002260	0.0203	0.99
A	0.002188	0.0170	0.99
G	0.003378	0.1563	0.91
T	0.002398	0.0254	0.99
A	0.004247	0.1460	0.94
T	0.001592	-0.0059	1.00
C	0.002438	0.0591	0.96
C	0.002503	0.0289	0.99
A	0.004203	0.1077	0.96
T	0.002046	0.0076	1.00
T	0.002613	0.0625	0.97
G	0.003877	0.1444	0.93
G	0.002616	0.0177	0.99
A	0.003079	0.0348	0.99
G	0.002309	0.0147	0.99
G	0.001927	0.0088	1.00
G	0.000982	-0.0019	1.00
G	0.001951	0.0071	1.00
G	0.002216	0.0226	0.99
A	0.001886	0.0001	1.00
C	0.002864	0.0139	0.99
C	0.004165	0.1865	0.90
A	0.002984	-0.0000	1.00
C	0.002491	-0.0034	1.00
C	0.002224	0.0276	0.99
C	0.002916	0.0346	0.99
A	0.003570	0.0613	0.98
C	0.002548	0.0429	0.98
T	0.002711	0.0176	0.99
A	0.003540	0.0399	0.99
C	0.001964	-0.0001	1.00
A	0.002324	-0.0011	1.00
A	0.002932	-0.0089	1.00
A	0.003753	0.0803	0.97
G	0.002077	-0.0043	1.00
A	0.000788	-0.0121	0.98
G	0.001196	-0.0059	1.00
T	0.001741	0.0041	1.00
C	0.001056	0.0055	0.99
C	0.001234	-0.0027	1.00
C	0.001238	0.0089	0.99
T	0.001391	-0.0003	1.00
C	0.001306	0.0042	1.00
A	0.001884	-0.0005	1.00
G	0.002522	-0.0004	1.00
G	0.001064	-0.0022	1.00
A	0.001563	-0.0041	1.00
G	0.001306	0.0054	1.00
A	0.001442	0.0061	1.00
A	0.000465	-0.0070	0.98
G	0.000955	-0.0078	1.00
A	0.002294	0.0132	0.99
G	0.001376	0.0039	1.00
T	0.001628	0.0110	0.99
G	0.000885	-0.0081	0.99
A	0.002591	0.0080	1.00
G	0.001430	0.0031	1.00
T	0.001233	-0.0063	1.00
A	0.002667	0.0177	0.99
T	0.002866	0.0516	0.98
G	0.004084	0.1088	0.96
T	0.001494	0.0013	1.00
C	0.001148	-0.0044	1.00
G	0.002457	0.0080	1.00
A	0.003211	0.1933	0.86
T	0.002837	0.0479	0.98
C	0.003024	0.0937	0.95
G	0.000803	-0.0032	1.00
A	0.001949	0.0118	1.00
C	0.001689	0.0092	0.99
A	0.002598	0.0120	1.00
C	0.001445	-0.0119	1.00
G	0.001461	0.0048	1.00
T	0.001715	0.0034	1.00
C	0.000864	-0.0045	0.99
C	0.001542	0.0071	1.00
A	0.002110	0.0003	1.00
G	0.002496	0.0005	1.00
G	0.001356	-0.0058	1.00
A	0.001446	-0.0101	0.99
A	0.003419	0.0282	0.99
T	0.003703	0.0961	0.96
T	0.001613	-0.0088	1.00
G	0.002220	-0.0014	1.00
G	0.003305	0.0483	0.98
T	0.002416	0.0216	0.99
T	0.001504	0.0002	1.00
C	0.002529	0.0248	0.99
T	0.001892	0.0084	0.99
C	0.001363	-0.0013	1.00
C	0.001211	-0.0020	1.00
C	0.000861	-0.0032	1.00
T	0.001535	-0.0076	1.00
G	0.001596	0.0083	1.00
A	0.001802	-0.0002	1.00
G	0.002985	0.0343	0.99
G	0.003466	0.0744	0.96
C	0.003588	0.1368	0.92
T	0.001624	-0.0153	1.00
G	0.001482	0.0078	0.99
G	0.002126	0.0081	1.00
C	0.003788	0.1882	0.89
C	0.003184	0.0543	0.97
T	0.001471	-0.0103	0.99
C	0.001482	-0.0029	1.00
T	0.001609	-0.0020	1.00
G	0.002554	0.0294	0.99
T	0.001838	0.0073	1.00
G	0.000991	0.0022	1.00
A	0.002084	0.0038	1.00
C	0.001247	0.0041	1.00
C	0.001019	0.0018	1.00
G	0.000771	-0.0051	0.99
C	0.002492	0.0214	0.99
C	0.000484	-0.0069	0.98
G	0.002473	0.0108	1.00
C	0.001923	0.0119	0.99
G	0.001480	-0.0085	1.00
G	0.000896	-0.0031	1.00
A	0.001756	-0.0073	1.00
C	0.001612	0.0101	0.99
A	0.002609	0.0126	1.00
C	0.001185	-0.0148	0.99
G	0.000638	-0.0045	0.99
G	0.001980	0.0130	0.99
C	0.000887	-0.0012	1.00
C	0.000469	-0.0032	0.99
G	0.002912	0.0256	0.99
T	0.002140	0.0047	1.00
C	0.003025	0.2031	0.85
T	0.002678	0.0557	0.97
A	0.004079	0.1020	0.96
C	0.002005	0.0082	1.00
T	0.003026	0.0458	0.98
T	0.003495	0.0564	0.98
T	0.002487	0.0531	0.97
T	0.001519	-0.0098	1.00
G	0.002641	0.0269	0.99
T	0.001606	-0.0053	1.00
G	0.001622	-0.0141	0.99
C	0.001436	-0.0195	0.99
G	0.001108	-0.0037	1.00
A	0.002372	0.0253	0.99
G	0.000932	-0.0082	0.99
A	0.001978	0.0109	1.00
C	0.001636	0.0104	0.99
A	0.003130	0.0391	0.99
C	0.001631	-0.0030	1.00
C	0.000731	-0.0054	0.99
G	0.000873	-0.0029	1.00
A	0.002365	0.0175	0.99
C	0.001183	0.0057	1.00
A	0.002701	0.0273	0.99
T	0.002768	0.0230	0.99
C	0.002982	0.0418	0.98
A	0.003417	0.0447	0.99
T	0.001766	-0.0093	1.00
G	0.003098	0.1213	0.92
A	0.002613	0.0010	1.00
T	0.003215	0.0484	0.98
G	0.003831	0.1035	0.95
T	0.002519	0.0410	0.98
T	0.001853	-0.0050	1.00
T	0.002251	0.0113	1.00
T	0.001427	0.0036	1.00
C	0.002070	-0.0011	1.00
A	0.002707	0.0150	1.00
T	0.002553	0.0219	0.99
G	0.003494	0.0643	0.97
T	0.002024	-0.0039	1.00
T	0.001409	-0.0125	0.99
G	0.001270	-0.0003	1.00
G	0.001326	0.0007	1.00
T	0.001602	-0.0057	1.00
C	0.001164	0.0012	1.00
C	0.001290	-0.0046	1.00
C	0.000760	-0.0094	0.99
T	0.002788	0.0351	0.98
A	0.004061	0.1083	0.95
T	0.002538	0.0232	0.99
T	0.001908	0.0010	1.00
G	0.002384	0.0300	0.99
C	0.003427	0.0737	0.96
G	0.000902	-0.0120	0.98
G	0.000772	-0.0039	0.99
G	0.003818	0.0495	0.98
C	0.000806	-0.0043	0.99
T	0.001462	-0.0101	0.99
G	0.001041	-0.0129	0.99
G	0.001969	0.0027	1.00
T	0.002785	0.0204	0.99
T	0.001527	0.0007	1.00
C	0.001912	0.0005	1.00
G	0.000792	-0.0042	1.00
A	0.001920	0.0009	1.00
C	0.001285	0.0015	1.00
G	0.001711	0.0044	1.00
T	0.000773	-0.0029	0.99
C	0.000812	-0.0010	1.00
T	0.002761	0.0197	0.99
G	0.000347	-0.0027	0.98
G	0.000323	-0.0049	0.98
G	0.000356	-0.0039	0.98
G	0.000828	-0.0029	1.00
C	0.000657	-0.0024	0.99
C	0.000474	-0.0006	0.99
C	0.001763	0.0025	1.00
G	0.000669	-0.0097	0.98
G	0.001610	0.0065	1.00
G	0.002466	-0.0016	1.00
A	0.002040	-0.0143	1.00
G	0.003327	0.0304	0.99
T	0.003833	0.0811	0.97
C	0.001888	-0.0105	1.00
C	0.001127	-0.0083	1.00
A	0.002603	0.0227	0.99
G	0.001416	-0.0083	1.00
G	0.001167	0.0037	1.00
T	0.001424	-0.0016	1.00
C	0.000783	-0.0063	0.99
A	0.002591	0.0084	1.00
C	0.001453	-0.0010	1.00
C	0.000951	-0.0079	0.99
G	0.001067	-0.0024	1.00
T	0.001506	0.0018	1.00
C	0.000908	-0.0028	1.00
T	0.001885	0.0084	1.00
C	0.001037	0.0003	1.00
G	0.001619	0.0109	1.00
A	0.001497	-0.0037	1.00
G	0.001519	-0.0084	1.00
C	0.002664	0.0173	1.00
