C	0.002017	0.0039	1.00
A	0.002522	0.0168	0.99
G	0.001947	0.0058	1.00
A	0.002446	0.0214	0.99
T	0.002122	-0.0031	1.00
G	0.002196	-0.0116	1.00
C	0.001890	-0.0218	0.99
A	0.002099	-0.0213	0.99
G	0.003090	0.0820	0.96
T	0.003912	0.1228	0.94
T	0.001933	-0.0035	1.00
A	0.003110	0.0313	0.99
C	0.001420	-0.0173	0.99
A	0.001610	-0.0028	1.00
G	0.001524	0.0125	0.99
G	0.000732	-0.0097	0.98
A	0.002180	0.0140	1.00
G	0.001319	0.0024	1.00
T	0.001408	0.0035	1.00
C	0.000936	0.0024	1.00
G	0.000213	-0.0037	0.95
G	0.000597	-0.0008	0.99
G	0.000812	-0.0044	0.99
C	0.000755	-0.0062	0.99
C	0.000501	-0.0021	0.99
C	0.000569	-0.0006	1.00
C	0.001772	-0.0022	1.00
G	0.001393	0.0054	1.00
G	0.000750	0.0002	0.99
A	0.001597	0.0058	0.99
C	0.000772	-0.0081	0.99
T	0.001325	-0.0052	1.00
G	0.001518	-0.0103	1.00
G	0.002321	0.0211	0.99
T	0.002229	0.0148	0.99
G	0.001391	-0.0110	0.99
A	0.001677	-0.0011	1.00
A	0.002978	0.0316	0.99
G	0.000831	-0.0076	0.99
C	0.002678	0.0130	0.99
C	0.000624	-0.0013	0.99
T	0.002263	-0.0021	1.00
T	0.001435	-0.0050	1.00
C	0.002855	0.0428	0.98
G	0.000823	-0.0059	0.99
G	0.001271	-0.0044	1.00
A	0.001737	0.0045	1.00
A	0.000773	-0.0051	1.00
A	0.001976	0.0078	1.00
C	0.001187	0.0027	1.00
C	0.001212	-0.0049	1.00
C	0.000844	-0.0038	0.99
T	0.001745	0.0062	1.00
G	0.000765	-0.0066	0.99
T	0.001616	0.0032	1.00
C	0.001007	0.0028	1.00
C	0.001146	-0.0014	1.00
C	0.001210	0.0074	0.99
T	0.001291	0.0003	1.00
C	0.000733	-0.0058	0.99
A	0.002431	0.0068	1.00
C	0.001426	0.0095	0.99
G	0.002185	0.0308	0.98
T	0.001668	-0.0184	0.99
G	0.002782	0.0334	0.99
C	0.001529	-0.0154	0.99
A	0.002990	0.0437	0.98
G	0.001957	0.0155	0.99
T	0.001303	-0.0080	1.00
G	0.000730	-0.0061	0.99
T	0.001394	0.0028	1.00
G	0.000793	-0.0004	1.00
T	0.001182	-0.0047	1.00
C	0.001111	0.0002	1.00
T	0.001598	-0.0012	1.00
G	0.001565	-0.0120	1.00
G	0.002331	0.0200	0.99
T	0.002153	0.0071	1.00
G	0.000742	-0.0037	0.99
C	0.003771	0.0699	0.97
C	0.000962	-0.0020	1.00
T	0.001269	-0.0018	1.00
C	0.000809	-0.0048	0.99
C	0.001160	-0.0024	1.00
A	0.003114	0.0244	0.99
T	0.001589	-0.0022	1.00
A	0.001729	0.0131	0.99
A	0.002261	0.0088	1.00
G	0.003598	0.1805	0.88
T	0.002913	0.0387	0.98
G	0.003026	0.0195	0.99
A	0.002943	0.0651	0.97
C	0.001715	-0.0153	1.00
A	0.002927	0.0427	0.98
G	0.003346	0.0512	0.98
T	0.002346	0.0436	0.97
T	0.002562	0.0149	0.99
A	0.003560	0.0540	0.98
C	0.002571	0.0455	0.97
T	0.001409	-0.0071	1.00
G	0.000682	-0.0059	0.99
G	0.000673	-0.0053	0.99
A	0.001764	-0.0026	1.00
G	0.003568	0.1692	0.91
C	0.003664	0.1239	0.93
T	0.001659	-0.0116	1.00
G	0.000993	-0.0124	0.98
G	0.001550	-0.0016	1.00
A	0.002033	-0.0029	1.00
T	0.001877	0.0046	1.00
C	0.001720	0.0064	1.00
C	0.000948	-0.0084	0.99
G	0.000533	-0.0041	0.99
G	0.002715	0.0176	0.99
C	0.000650	-0.0048	0.99
G	0.001915	-0.0169	1.00
G	0.001070	-0.0067	1.00
T	0.004917	0.1779	0.92
C	0.000805	-0.0108	0.98
C	0.000788	-0.0113	0.99
C	0.000592	-0.0013	0.99
C	0.000564	-0.0005	0.99
A	0.001665	0.0013	1.00
G	0.000645	-0.0104	0.97
G	0.001653	0.0093	0.99
G	0.002431	-0.0031	1.00
A	0.002095	0.0117	0.99
A	0.001611	-0.0114	1.00
G	0.000482	-0.0037	0.99
G	0.001489	0.0055	1.00
G	0.000754	-0.0010	1.00
A	0.001615	0.0042	1.00
C	0.000731	-0.0067	0.99
T	0.001316	-0.0049	1.00
T	0.001208	0.0014	1.00
G	0.001337	-0.0027	1.00
A	0.002104	0.0166	0.99
G	0.002748	0.0407	0.99
T	0.001872	0.0061	1.00
G	0.001232	-0.0093	0.99
G	0.001630	-0.0021	1.00
A	0.001789	-0.0053	1.00
T	0.002233	-0.0003	1.00
T	0.001550	0.0014	1.00
G	0.000788	-0.0103	0.99
G	0.002391	0.0035	1.00
G	0.003821	0.2309	0.85
T	0.002997	0.0666	0.97
A	0.003914	0.0763	0.97
T	0.002196	0.0101	0.99
G	0.004206	0.1000	0.96
T	0.001471	-0.0066	1.00
C	0.002465	0.0524	0.97
C	0.002433	0.0231	0.99
A	0.004114	0.0985	0.96
C	0.001888	0.0072	1.00
A	0.002890	0.0415	0.98
A	0.003286	0.0653	0.97
A	0.001814	0.0266	0.98
A	0.002383	0.0095	1.00
G	0.002167	0.0147	0.99
C	0.001824	0.0076	1.00
G	0.000928	-0.0017	0.99
G	0.001886	0.0034	1.00
C	0.002157	0.0189	0.99
G	0.001798	-0.0019	1.00
A	0.002754	0.0102	0.99
C	0.004177	0.1724	0.91
A	0.002863	-0.0052	1.00
C	0.002599	-0.0090	1.00
A	0.001627	-0.0021	1.00
A	0.002082	-0.0058	1.00
A	0.003006	0.0209	0.99
T	0.003366	0.0546	0.97
T	0.002541	0.0130	1.00
A	0.003418	0.0356	0.99
C	0.001854	0.0007	1.00
A	0.002227	-0.0043	1.00
G	0.002780	-0.0103	1.00
C	0.003647	0.0734	0.97
C	0.002144	-0.0021	1.00
C	0.000866	-0.0070	0.99
C	0.001209	0.0061	1.00
T	0.001524	0.0008	1.00
C	0.001177	0.0005	1.00
C	0.001157	-0.0020	1.00
C	0.001188	0.0068	0.99
T	0.001309	-0.0004	1.00
C	0.001263	0.0021	1.00
A	0.001791	-0.0023	1.00
A	0.002389	-0.0018	1.00
G	0.000999	-0.0012	0.99
A	0.001478	-0.0035	1.00
G	0.001234	0.0059	0.99
T	0.001365	0.0061	1.00
C	0.000435	-0.0069	0.98
G	0.000905	-0.0075	0.99
A	0.002188	0.0112	1.00
G	0.001315	0.0032	1.00
T	0.001550	0.0098	0.99
C	0.000812	-0.0076	0.99
A	0.002461	0.0075	1.00
A	0.001333	0.0034	1.00
C	0.001154	-0.0056	1.00
T	0.002512	0.0159	0.99
T	0.002845	0.0422	0.98
G	0.004011	0.1002	0.96
T	0.001421	0.0001	1.00
C	0.001069	-0.0038	1.00
G	0.002319	0.0083	1.00
T	0.003275	0.1791	0.88
T	0.002720	0.0442	0.98
A	0.002959	0.0864	0.96
G	0.000737	-0.0031	0.99
A	0.001834	0.0107	1.00
C	0.001597	0.0082	1.00
A	0.002534	0.0093	1.00
C	0.001325	-0.0107	0.99
G	0.001387	0.0033	1.00
T	0.001601	0.0048	1.00
C	0.000809	-0.0039	0.99
C	0.001449	0.0070	1.00
A	0.001985	0.0011	1.00
A	0.002338	-0.0005	1.00
A	0.001256	-0.0061	1.00
A	0.001317	-0.0067	1.00
A	0.003314	0.0230	0.99
T	0.003629	0.0881	0.96
C	0.001536	-0.0107	1.00
A	0.002121	-0.0034	1.00
G	0.003178	0.0433	0.98
G	0.002318	0.0185	0.99
T	0.001433	-0.0003	1.00
G	0.002408	0.0228	0.99
T	0.001819	0.0061	1.00
C	0.001303	-0.0031	1.00
C	0.001139	-0.0035	1.00
C	0.000800	-0.0024	1.00
T	0.001417	-0.0058	1.00
G	0.001554	0.0055	1.00
A	0.001712	-0.0022	1.00
G	0.002901	0.0297	0.99
C	0.003403	0.0689	0.97
C	0.003509	0.1293	0.92
T	0.001507	-0.0146	0.99
T	0.001407	0.0061	1.00
G	0.001987	0.0082	0.99
T	0.003841	0.1711	0.91
G	0.003128	0.0470	0.98
G	0.001335	-0.0082	1.00
C	0.001413	-0.0044	1.00
C	0.001492	-0.0014	1.00
G	0.002463	0.0248	0.99
C	0.001780	0.0046	1.00
G	0.000939	0.0017	0.99
A	0.001967	0.0028	1.00
C	0.001302	0.0019	1.00
C	0.001168	-0.0038	1.00
G	0.003648	0.0844	0.96
C	0.002364	0.0537	0.97
T	0.001821	-0.0024	1.00
G	0.002292	0.0273	0.99
C	0.003301	0.0666	0.97
G	0.001576	-0.0109	1.00
G	0.000826	-0.0032	1.00
A	0.001639	-0.0056	1.00
C	0.001525	0.0086	0.99
T	0.002467	0.0115	1.00
C	0.001070	-0.0123	0.99
G	0.000590	-0.0038	0.99
G	0.001871	0.0133	0.99
G	0.000847	-0.0018	1.00
C	0.000454	-0.0040	0.98
A	0.002788	0.0243	0.99
A	0.002027	0.0043	1.00
A	0.003120	0.1872	0.88
T	0.002609	0.0504	0.98
A	0.004018	0.0910	0.96
T	0.001934	0.0058	1.00
T	0.002926	0.0421	0.98
A	0.003394	0.0508	0.98
T	0.002433	0.0467	0.97
T	0.001424	-0.0094	1.00
G	0.002538	0.0239	0.99
C	0.001509	-0.0052	1.00
G	0.001541	-0.0147	0.99
C	0.001332	-0.0191	0.98
G	0.001116	-0.0062	0.99
A	0.002261	0.0206	0.99
G	0.002090	0.0223	0.99
A	0.001520	-0.0101	1.00
A	0.002875	0.0126	1.00
C	0.003037	0.0305	0.99
A	0.002157	-0.0107	1.00
C	0.002229	0.0128	0.99
T	0.001948	0.0162	0.99
G	0.002635	0.0352	0.98
C	0.002455	0.0155	0.99
A	0.002843	0.0247	0.99
C	0.001252	-0.0157	0.99
G	0.000793	-0.0059	0.99
G	0.001658	0.0018	1.00
G	0.002210	0.0165	0.99
A	0.001572	-0.0113	1.00
G	0.002659	0.0500	0.97
G	0.000917	-0.0134	0.98
A	0.001668	0.0014	1.00
G	0.002716	0.0103	0.99
A	0.004179	0.1973	0.89
A	0.003085	0.0137	1.00
T	0.002592	0.0208	0.99
T	0.001682	-0.0031	1.00
T	0.001827	0.0133	0.99
A	0.001817	0.0061	1.00
T	0.001673	0.0054	0.99
G	0.000839	-0.0074	0.99
G	0.001440	-0.0037	1.00
A	0.002117	0.0168	0.99
A	0.002876	0.0404	0.98
T	0.001832	0.0089	0.99
C	0.001936	0.0019	1.00
G	0.003125	0.0284	0.99
T	0.001493	-0.0146	0.99
T	0.001613	-0.0047	1.00
G	0.001090	0.0029	1.00
C	0.002531	0.0201	0.99
C	0.000671	-0.0026	1.00
T	0.002355	-0.0005	1.00
T	0.001476	-0.0024	1.00
C	0.003210	0.2001	0.86
A	0.002449	0.0012	1.00
A	0.003728	0.0690	0.97
T	0.001656	-0.0020	1.00
G	0.001301	-0.0006	1.00
A	0.001917	0.0030	1.00
G	0.002771	0.0423	0.98
T	0.001844	0.0073	1.00
G	0.001170	-0.0068	1.00
G	0.002087	-0.0013	1.00
T	0.002632	0.0199	0.99
T	0.001258	-0.0045	1.00
C	0.001744	0.0024	1.00
A	0.002462	0.0067	1.00
C	0.001487	0.0074	1.00
C	0.002004	0.0272	0.98
T	0.002815	0.0316	0.99
A	0.003463	0.0552	0.98
C	0.002483	0.0392	0.98
T	0.002580	0.0124	0.99
T	0.003543	0.0543	0.98
C	0.002491	0.0416	0.98
T	0.002585	0.0153	0.99
A	0.003448	0.0355	0.99
C	0.001721	0.0119	0.99
A	0.002817	0.0221	0.99
T	0.002741	0.0184	0.99
G	0.001634	0.0239	0.98
G	0.000697	-0.0035	0.99
A	0.002379	0.0206	0.99
C	0.000944	0.0019	1.00
G	0.001406	0.0033	1.00
T	0.001441	-0.0005	1.00
C	0.000863	-0.0039	1.00
T	0.001557	-0.0020	1.00
G	0.000371	-0.0043	0.97
G	0.000675	-0.0103	0.98
G	0.000705	-0.0106	0.98
G	0.004415	0.4138	0.75
C	0.000710	-0.0032	1.00
A	0.001708	-0.0066	1.00
A	0.003725	0.0493	0.98
T	0.002233	0.0039	1.00
G	0.000558	-0.0053	0.99
G	0.001786	0.0072	1.00
G	0.001040	-0.0070	0.99
A	0.001924	0.0011	1.00
C	0.001653	0.0125	0.99
T	0.001391	-0.0002	1.00
C	0.002346	0.0091	1.00
A	0.000973	-0.0117	0.99
G	0.001341	-0.0067	1.00
G	0.000929	-0.0040	1.00
T	0.001320	-0.0013	1.00
C	0.000659	-0.0030	0.99
A	0.002450	0.0081	1.00
C	0.001359	-0.0003	1.00
C	0.000884	-0.0077	0.99
G	0.001021	-0.0037	1.00
T	0.001453	-0.0010	1.00
C	0.000846	-0.0024	1.00
T	0.001836	0.0056	1.00
C	0.000997	-0.0008	1.00
C	0.001565	0.0088	0.99
T	0.001388	-0.0036	1.00
C	0.001406	-0.0078	1.00
A	0.002537	0.0141	1.00
