C	0.001948	0.0015	1.00
G	0.002481	0.0122	1.00
G	0.001854	0.0066	1.00
G	0.002376	0.0197	0.99
T	0.002050	-0.0044	1.00
G	0.002104	-0.0106	1.00
C	0.001803	-0.0221	0.99
A	0.002008	-0.0210	1.00
G	0.003088	0.0763	0.96
T	0.003932	0.1164	0.94
T	0.001537	-0.0139	0.99
G	0.001513	-0.0103	1.00
G	0.002350	0.0165	0.99
T	0.002142	0.0046	1.00
G	0.001508	0.0067	1.00
G	0.001159	-0.0026	1.00
A	0.002161	0.0124	1.00
G	0.001252	0.0030	1.00
T	0.001249	-0.0040	1.00
C	0.000848	-0.0039	1.00
G	0.001467	-0.0017	1.00
G	0.000592	-0.0019	0.99
G	0.000830	-0.0101	0.99
G	0.001221	-0.0157	0.99
G	0.003068	0.0270	0.99
G	0.001953	0.0204	0.99
A	0.001421	-0.0107	0.99
G	0.000511	-0.0024	0.99
G	0.001234	-0.0092	0.99
C	0.000731	-0.0045	0.99
G	0.002195	0.0079	1.00
T	0.002285	0.0081	1.00
G	0.001662	0.0064	1.00
G	0.001034	0.0046	1.00
T	0.001320	-0.0021	1.00
C	0.000658	-0.0020	0.99
C	0.000498	-0.0070	0.98
A	0.001860	0.0084	1.00
G	0.000948	-0.0067	0.99
C	0.002889	0.0049	1.00
C	0.000654	-0.0012	0.99
T	0.002245	0.0220	0.99
G	0.000742	-0.0059	0.99
G	0.002008	0.0015	1.00
G	0.002081	0.0177	0.99
A	0.001484	-0.0130	0.99
A	0.002175	0.0196	0.99
G	0.000651	-0.0104	0.98
T	0.001429	-0.0049	1.00
C	0.000996	0.0028	0.99
C	0.001117	-0.0036	1.00
G	0.000763	-0.0016	0.99
T	0.001293	-0.0032	1.00
G	0.001381	0.0052	0.99
A	0.001392	-0.0014	1.00
G	0.000708	-0.0053	0.99
A	0.000874	-0.0103	0.98
C	0.001209	0.0036	1.00
T	0.001355	0.0042	0.99
T	0.000950	-0.0021	1.00
T	0.001768	0.0054	1.00
C	0.000934	0.0001	1.00
C	0.001378	-0.0025	1.00
T	0.001856	-0.0006	1.00
G	0.002551	0.0188	0.99
T	0.001545	-0.0065	1.00
G	0.002161	-0.0134	1.00
T	0.001195	-0.0152	0.99
A	0.001496	-0.0171	0.99
G	0.000856	-0.0045	1.00
T	0.002731	0.0051	1.00
C	0.000573	-0.0048	0.99
T	0.001323	0.0001	1.00
C	0.001051	-0.0009	1.00
C	0.001524	-0.0020	1.00
G	0.001213	-0.0068	1.00
A	0.002563	0.0360	0.98
T	0.001902	-0.0066	1.00
T	0.002689	0.0196	0.99
T	0.001232	-0.0004	1.00
C	0.001648	0.0008	1.00
C	0.002368	0.0065	1.00
C	0.001433	0.0079	1.00
C	0.001908	0.0144	0.99
T	0.002069	-0.0033	1.00
T	0.001318	-0.0011	1.00
C	0.002478	0.0160	0.99
A	0.002261	0.0072	1.00
G	0.003620	0.1746	0.89
C	0.002767	0.0400	0.98
A	0.002984	0.0085	1.00
A	0.003133	0.0598	0.97
G	0.003408	0.1229	0.93
T	0.002432	0.0152	0.99
A	0.004110	0.0791	0.97
T	0.001848	-0.0071	1.00
C	0.003241	0.0724	0.97
C	0.002614	-0.0049	1.00
T	0.002233	0.0148	0.99
A	0.004059	0.0805	0.97
T	0.002080	0.0019	1.00
G	0.003029	0.1216	0.92
T	0.002204	0.0148	0.99
A	0.002715	0.0413	0.98
T	0.002066	0.0135	0.99
T	0.001439	-0.0091	1.00
G	0.000390	-0.0046	0.98
G	0.000726	-0.0043	0.99
G	0.000658	-0.0029	0.99
T	0.001331	-0.0034	1.00
T	0.000440	-0.0037	0.99
C	0.000884	-0.0011	0.99
G	0.000655	-0.0042	0.99
C	0.001242	-0.0044	1.00
C	0.000434	-0.0006	1.00
A	0.001460	0.0041	1.00
G	0.000530	-0.0053	0.99
G	0.004400	0.1166	0.95
C	0.000933	-0.0025	1.00
T	0.001200	-0.0021	1.00
C	0.000734	-0.0034	0.99
C	0.000921	-0.0024	1.00
A	0.001654	0.0005	1.00
G	0.000435	-0.0041	0.99
G	0.001538	-0.0127	1.00
C	0.001281	-0.0138	0.99
A	0.002091	-0.0068	1.00
A	0.004222	0.0998	0.96
G	0.000429	-0.0030	0.99
G	0.000759	-0.0094	0.98
G	0.000458	-0.0073	0.98
G	0.003572	0.0392	0.99
C	0.000665	-0.0028	0.99
T	0.001246	-0.0075	0.99
G	0.001191	-0.0014	1.00
G	0.001288	-0.0045	1.00
A	0.002037	0.0158	0.99
G	0.002625	0.0414	0.98
T	0.001802	0.0062	1.00
G	0.000568	-0.0025	0.99
G	0.000936	-0.0087	0.99
G	0.002144	0.0070	1.00
T	0.002082	0.0073	1.00
G	0.000704	-0.0036	0.99
G	0.003070	0.0361	0.98
C	0.001043	-0.0037	1.00
A	0.002658	0.0332	0.99
G	0.003003	0.0444	0.98
C	0.001758	-0.0158	1.00
C	0.002482	0.0280	0.99
A	0.003724	0.1262	0.94
T	0.002331	0.0408	0.98
C	0.004020	0.0926	0.97
T	0.001383	-0.0007	1.00
C	0.000997	-0.0109	0.99
C	0.002506	0.0150	1.00
G	0.002670	0.0433	0.98
G	0.004077	0.1509	0.93
T	0.001505	-0.0163	0.99
G	0.002408	0.0550	0.96
A	0.002046	-0.0070	1.00
T	0.002525	0.0124	1.00
G	0.001517	0.0124	0.99
C	0.001620	-0.0003	1.00
C	0.002070	0.0128	1.00
T	0.002697	0.0303	0.99
G	0.002328	0.0880	0.93
G	0.003538	0.1639	0.90
C	0.002599	-0.0038	1.00
A	0.003403	0.0625	0.97
T	0.002497	0.0203	0.99
G	0.002970	0.0241	0.99
T	0.002997	0.0368	0.99
G	0.003363	0.0678	0.97
G	0.002765	0.0241	0.99
T	0.003277	0.0445	0.98
C	0.002428	0.0370	0.98
T	0.002514	0.0123	0.99
A	0.003429	0.0395	0.99
C	0.001825	0.0254	0.99
T	0.003691	0.1012	0.95
C	0.001742	0.0118	1.00
A	0.001795	-0.0003	1.00
A	0.000445	-0.0057	0.98
A	0.000817	-0.0087	0.99
T	0.001219	0.0020	1.00
T	0.001026	-0.0057	0.99
C	0.000945	-0.0024	1.00
C	0.001384	0.0047	1.00
G	0.002485	0.0163	0.99
T	0.001745	-0.0015	1.00
G	0.001154	-0.0078	0.99
C	0.001580	-0.0020	1.00
A	0.001361	-0.0093	0.99
G	0.000411	-0.0023	0.99
G	0.000611	-0.0014	0.99
G	0.000688	-0.0028	0.99
C	0.000851	-0.0032	1.00
C	0.000234	-0.0026	0.98
G	0.002332	0.0190	0.99
A	0.002376	0.0122	1.00
T	0.002678	0.0220	0.99
T	0.001253	-0.0001	1.00
T	0.001656	0.0004	1.00
C	0.002396	0.0058	1.00
T	0.001401	0.0005	1.00
C	0.001044	-0.0044	1.00
G	0.002984	0.0237	0.99
T	0.001629	0.0010	1.00
C	0.001919	0.0144	0.99
T	0.001710	0.0068	1.00
C	0.000840	-0.0055	0.99
C	0.000901	0.0003	1.00
A	0.000965	-0.0113	0.99
G	0.001169	0.0032	1.00
G	0.001815	0.0045	1.00
G	0.000674	-0.0037	0.99
A	0.001854	0.0097	1.00
C	0.000927	-0.0091	0.99
A	0.002337	0.0261	0.99
A	0.003436	0.0674	0.97
T	0.002321	0.0202	0.99
G	0.001506	-0.0071	1.00
T	0.002690	0.0462	0.98
C	0.001853	0.0006	1.00
A	0.001917	0.0002	1.00
A	0.002295	-0.0021	1.00
G	0.001169	-0.0047	1.00
A	0.001244	-0.0079	0.99
A	0.002856	0.0099	1.00
C	0.003017	0.0253	0.99
A	0.002317	0.0101	1.00
C	0.001631	0.0043	1.00
T	0.003908	0.1317	0.93
C	0.002140	0.0503	0.97
T	0.001545	-0.0098	1.00
A	0.002707	0.0513	0.97
T	0.002441	0.0463	0.98
A	0.004140	0.1265	0.95
T	0.001231	-0.0131	0.99
T	0.002266	0.0643	0.96
T	0.001987	0.0152	0.99
A	0.002430	0.0349	0.98
G	0.002911	0.0968	0.94
A	0.002229	-0.0103	1.00
A	0.003400	0.0450	0.98
A	0.003277	0.0556	0.98
T	0.001798	-0.0054	1.00
G	0.001638	0.0083	1.00
A	0.001876	0.0036	1.00
A	0.002756	0.0111	1.00
C	0.002864	0.0232	0.99
A	0.002173	0.0035	1.00
G	0.001042	-0.0077	1.00
C	0.002510	0.0116	1.00
C	0.000695	-0.0022	1.00
T	0.001306	-0.0048	1.00
G	0.001363	0.0057	1.00
A	0.001431	-0.0031	1.00
A	0.001489	-0.0045	1.00
A	0.001536	-0.0107	1.00
A	0.003601	0.1614	0.91
T	0.003763	0.1140	0.94
T	0.001536	-0.0169	0.99
G	0.001250	0.0028	1.00
A	0.001730	0.0008	1.00
G	0.002739	0.0461	0.98
G	0.000761	-0.0010	1.00
A	0.001647	-0.0063	1.00
T	0.001486	0.0093	0.99
A	0.002426	0.0083	1.00
C	0.001177	-0.0146	0.99
G	0.000674	-0.0071	0.99
G	0.003876	0.0570	0.98
C	0.000765	-0.0043	1.00
C	0.001331	-0.0052	1.00
G	0.002246	0.0227	0.99
T	0.001685	-0.0070	1.00
A	0.003053	0.1840	0.87
T	0.002571	0.0476	0.98
A	0.003978	0.0834	0.97
T	0.001845	0.0053	1.00
C	0.002871	0.0370	0.98
G	0.003336	0.0463	0.98
C	0.002354	0.0458	0.98
T	0.001360	-0.0092	1.00
G	0.002509	0.0206	0.99
C	0.001443	-0.0044	1.00
G	0.001451	-0.0138	0.99
C	0.001266	-0.0188	0.99
G	0.001074	-0.0068	0.99
A	0.002236	0.0178	0.99
G	0.001925	0.0216	0.99
A	0.001566	-0.0117	1.00
A	0.003587	0.0638	0.97
T	0.002043	0.0224	0.99
G	0.003186	0.0579	0.98
T	0.002263	0.0074	1.00
T	0.001446	-0.0021	1.00
C	0.002708	0.0502	0.97
C	0.000772	-0.0139	0.97
A	0.001652	0.0006	1.00
G	0.001527	0.0098	0.99
G	0.000678	-0.0085	0.98
A	0.002143	0.0130	1.00
G	0.001252	0.0037	1.00
T	0.001253	-0.0052	1.00
C	0.000912	-0.0058	1.00
T	0.001494	-0.0003	1.00
G	0.001204	-0.0066	1.00
G	0.001108	0.0021	1.00
T	0.001392	-0.0039	1.00
C	0.000818	-0.0043	0.99
C	0.001771	0.0228	0.98
A	0.002561	0.0057	1.00
C	0.001520	-0.0010	1.00
C	0.001301	-0.0015	1.00
A	0.002282	0.0076	1.00
C	0.001201	-0.0093	0.99
G	0.003414	0.0418	0.98
T	0.002083	-0.0010	1.00
T	0.001782	0.0010	1.00
T	0.001369	0.0014	1.00
G	0.001073	-0.0077	1.00
G	0.002608	0.0334	0.98
A	0.002175	-0.0099	1.00
T	0.002962	0.0258	0.99
C	0.002898	0.0324	0.99
G	0.002133	0.0136	0.99
T	0.001801	0.0058	1.00
T	0.000881	-0.0020	1.00
G	0.001801	0.0043	1.00
G	0.002009	0.0176	0.99
A	0.001801	-0.0026	1.00
G	0.002248	0.0086	1.00
C	0.003786	0.0878	0.96
G	0.001619	0.0046	1.00
G	0.000858	-0.0050	0.99
T	0.001384	-0.0027	1.00
C	0.000467	-0.0075	0.98
G	0.001852	0.0184	0.99
A	0.001969	-0.0019	1.00
A	0.002982	0.0367	0.99
A	0.003452	0.1083	0.95
T	0.001956	-0.0004	1.00
T	0.002920	0.0349	0.98
A	0.003290	0.0475	0.98
T	0.002365	0.0371	0.98
T	0.002488	0.0135	1.00
A	0.003484	0.0499	0.98
C	0.002428	0.0365	0.98
T	0.002512	0.0122	0.99
A	0.003484	0.0487	0.98
T	0.002400	0.0379	0.98
T	0.002493	0.0141	0.99
A	0.003484	0.0487	0.98
T	0.002435	0.0370	0.98
T	0.002540	0.0120	0.99
C	0.003423	0.0390	0.99
T	0.001979	0.0232	0.99
G	0.002281	-0.0057	0.99
G	0.003258	0.1610	0.90
T	0.003056	0.0618	0.97
A	0.003813	0.0724	0.97
T	0.002503	0.0573	0.97
G	0.001499	0.0217	0.98
G	0.000667	-0.0031	0.99
A	0.002341	0.0174	0.99
C	0.000912	0.0020	0.99
G	0.001356	0.0024	1.00
T	0.001352	0.0010	1.00
C	0.000819	-0.0041	0.99
T	0.001495	-0.0012	1.00
G	0.000281	-0.0014	0.99
G	0.000217	-0.0023	0.97
G	0.000307	-0.0030	0.98
G	0.000709	-0.0040	0.99
C	0.000596	-0.0026	0.99
C	0.000347	-0.0042	0.98
A	0.002088	0.0070	1.00
A	0.004045	0.1001	0.96
G	0.000554	-0.0061	0.99
G	0.001823	0.0042	1.00
G	0.000994	-0.0070	1.00
A	0.001843	0.0004	1.00
C	0.001610	0.0114	0.99
C	0.001360	-0.0013	1.00
A	0.002243	0.0081	1.00
C	0.000927	-0.0107	0.99
G	0.001263	-0.0062	1.00
G	0.000894	-0.0052	0.99
T	0.001265	-0.0004	0.99
C	0.000642	-0.0038	0.99
A	0.002369	0.0053	1.00
C	0.001331	-0.0018	1.00
C	0.000846	-0.0072	0.99
G	0.000937	-0.0010	1.00
T	0.001396	-0.0008	1.00
C	0.000794	-0.0019	1.00
T	0.001758	0.0045	1.00
C	0.000955	-0.0002	1.00
G	0.001523	0.0076	0.99
A	0.001352	-0.0041	1.00
G	0.001354	-0.0084	1.00
C	0.002454	0.0145	0.99
