C	0.002174	0.0029	1.00
A	0.002647	0.0169	1.00
G	0.003206	0.0880	0.95
C	0.003738	0.1327	0.93
C	0.002034	-0.0042	1.00
G	0.003144	0.0364	0.98
C	0.001921	-0.0216	1.00
A	0.002182	-0.0192	1.00
G	0.003138	0.0886	0.95
C	0.003917	0.1336	0.93
T	0.002067	-0.0051	1.00
G	0.003216	0.0354	0.98
C	0.001507	-0.0179	0.99
A	0.001705	-0.0030	1.00
G	0.001582	0.0134	0.99
G	0.000783	-0.0099	0.98
A	0.002272	0.0152	0.99
G	0.001385	0.0035	1.00
T	0.001471	0.0052	1.00
C	0.001022	0.0004	1.00
G	0.000238	-0.0042	0.96
G	0.000635	-0.0010	0.99
G	0.000835	-0.0038	0.99
C	0.000811	-0.0069	0.99
C	0.000525	-0.0022	0.99
C	0.000609	-0.0013	0.99
A	0.001872	-0.0013	1.00
A	0.001464	0.0058	0.99
C	0.000779	0.0007	0.99
A	0.001706	0.0046	1.00
C	0.000812	-0.0081	0.99
T	0.001403	-0.0047	1.00
G	0.001618	-0.0117	1.00
G	0.002423	0.0212	0.99
T	0.002374	0.0136	1.00
G	0.001472	-0.0117	1.00
G	0.001739	0.0001	1.00
A	0.003052	0.0354	0.99
G	0.000864	-0.0069	0.99
G	0.002803	0.0133	0.99
C	0.000673	-0.0014	1.00
T	0.002396	-0.0016	1.00
T	0.001523	-0.0051	1.00
C	0.002912	0.0474	0.98
G	0.000883	-0.0071	0.99
G	0.001331	-0.0043	1.00
A	0.001851	0.0037	1.00
G	0.000842	-0.0061	0.99
A	0.002048	0.0109	1.00
C	0.001266	0.0021	1.00
T	0.001277	-0.0048	1.00
C	0.000887	-0.0030	1.00
T	0.001859	0.0047	1.00
G	0.000858	-0.0089	0.99
T	0.001702	0.0041	1.00
C	0.001057	0.0042	1.00
C	0.001248	-0.0050	1.00
C	0.001270	0.0074	0.99
T	0.001379	-0.0007	1.00
C	0.000802	-0.0068	0.99
A	0.002533	0.0082	1.00
C	0.001482	0.0111	0.99
C	0.002300	0.0305	0.98
T	0.001785	-0.0198	0.99
G	0.002937	0.0334	0.99
C	0.001594	-0.0153	0.99
G	0.003074	0.0480	0.98
C	0.002015	0.0177	0.99
T	0.001394	-0.0086	1.00
G	0.000780	-0.0071	0.99
T	0.001465	0.0029	1.00
G	0.000851	-0.0012	0.99
T	0.001238	-0.0052	1.00
C	0.001166	0.0012	1.00
C	0.001712	-0.0032	1.00
G	0.001610	-0.0102	1.00
G	0.002456	0.0189	0.99
C	0.002268	0.0086	1.00
G	0.000795	-0.0035	1.00
A	0.003874	0.0752	0.97
C	0.001040	-0.0028	1.00
T	0.001333	-0.0020	1.00
C	0.000881	-0.0057	1.00
C	0.001221	-0.0030	1.00
A	0.003221	0.0271	0.99
C	0.001719	-0.0032	1.00
T	0.001877	0.0129	0.99
G	0.002262	0.0247	0.99
C	0.002463	0.0734	0.95
T	0.003641	0.1891	0.88
G	0.002770	0.0306	0.99
C	0.003441	0.1913	0.88
A	0.002852	0.0433	0.98
T	0.003283	0.0225	0.99
G	0.003536	0.1716	0.89
T	0.002934	0.0450	0.98
A	0.003126	0.0219	0.99
A	0.003044	0.0681	0.97
T	0.001837	-0.0172	1.00
T	0.003070	0.0448	0.98
C	0.003456	0.0543	0.98
T	0.002431	0.0451	0.97
T	0.002682	0.0161	0.99
T	0.003690	0.0573	0.98
C	0.002653	0.0485	0.97
T	0.001481	-0.0073	1.00
G	0.000327	-0.0029	0.98
G	0.000393	-0.0068	0.97
G	0.000504	-0.0073	0.98
G	0.003745	0.0487	0.99
C	0.000710	-0.0030	0.99
T	0.001399	-0.0086	1.00
G	0.000940	-0.0103	0.99
G	0.001557	0.0011	1.00
G	0.002148	-0.0020	1.00
T	0.001995	0.0037	1.00
C	0.001870	0.0041	1.00
C	0.001170	-0.0052	1.00
G	0.000797	-0.0062	0.99
G	0.001410	-0.0050	1.00
C	0.000498	-0.0022	0.99
A	0.001891	0.0101	1.00
G	0.001178	-0.0083	0.99
C	0.004649	0.1928	0.91
C	0.000838	-0.0108	0.99
C	0.000855	-0.0127	0.99
C	0.000621	-0.0013	0.99
C	0.000610	-0.0006	0.99
A	0.001749	0.0008	1.00
G	0.000701	-0.0112	0.98
G	0.001732	0.0096	0.99
G	0.002559	-0.0027	1.00
A	0.002206	0.0117	1.00
A	0.001586	-0.0115	1.00
G	0.000434	-0.0020	0.99
G	0.000807	-0.0094	0.99
G	0.000540	-0.0085	0.98
G	0.003744	0.0507	0.98
C	0.000726	-0.0029	0.99
T	0.001423	-0.0097	0.99
G	0.001298	-0.0013	1.00
G	0.001422	-0.0047	1.00
A	0.002202	0.0187	0.99
G	0.002822	0.0442	0.98
T	0.001971	0.0061	1.00
G	0.001293	-0.0083	1.00
G	0.001738	-0.0015	1.00
G	0.001875	-0.0050	1.00
T	0.002351	-0.0002	1.00
T	0.001618	0.0020	1.00
G	0.000661	-0.0078	0.99
G	0.001891	0.0078	1.00
G	0.002241	0.0192	0.99
A	0.002163	0.0178	0.99
G	0.003348	0.1565	0.90
T	0.002381	0.0256	0.99
T	0.004246	0.1419	0.94
T	0.001590	-0.0080	1.00
G	0.002427	0.0572	0.96
T	0.002519	0.0252	0.99
C	0.004226	0.1036	0.96
C	0.002023	0.0063	1.00
C	0.002603	0.0619	0.97
A	0.003870	0.1427	0.93
T	0.002610	0.0160	1.00
T	0.003048	0.0353	0.99
G	0.002293	0.0138	0.99
T	0.001930	0.0081	1.00
G	0.000972	-0.0015	1.00
C	0.001952	0.0061	1.00
A	0.002235	0.0202	0.99
A	0.001891	-0.0013	1.00
G	0.002848	0.0129	0.99
C	0.004195	0.1819	0.90
T	0.000000	0.0000	nan
A	0.000000	0.0000	nan
T	0.000000	0.0000	nan
T	0.000000	0.0000	nan
G	0.000000	0.0000	nan
G	0.000000	0.0000	nan
A	0.000000	0.0000	nan
A	0.000000	0.0000	nan
T	0.000000	0.0000	nan
C	0.000000	0.0000	nan
G	0.000000	0.0000	nan
T	0.000000	0.0000	nan
G	0.000000	0.0000	nan
G	0.000000	0.0000	nan
G	0.000000	0.0000	nan
T	0.000000	0.0000	nan
G	0.000000	0.0000	nan
G	0.000000	0.0000	nan
A	0.003039	-0.0050	1.00
C	0.002479	-0.0031	1.00
C	0.002202	0.0272	0.98
T	0.002892	0.0365	0.99
A	0.003587	0.0576	0.98
C	0.002562	0.0427	0.98
C	0.002685	0.0155	0.99
A	0.003527	0.0395	0.98
C	0.001953	0.0006	1.00
A	0.002347	-0.0033	1.00
A	0.002936	-0.0102	1.00
C	0.003778	0.0760	0.97
C	0.002078	-0.0034	1.00
C	0.000790	-0.0124	0.98
G	0.001186	-0.0053	1.00
T	0.001729	0.0047	1.00
C	0.001093	0.0030	1.00
T	0.001234	-0.0034	1.00
C	0.001248	0.0083	0.99
T	0.001395	-0.0009	1.00
C	0.001306	0.0039	0.99
A	0.001879	-0.0015	1.00
A	0.002520	-0.0014	1.00
G	0.001072	-0.0022	1.00
A	0.001559	-0.0036	1.00
G	0.001282	0.0060	1.00
T	0.001448	0.0053	1.00
C	0.000468	-0.0077	0.97
G	0.000957	-0.0079	0.99
G	0.002273	0.0128	1.00
C	0.001390	0.0025	1.00
T	0.001634	0.0107	0.99
C	0.000872	-0.0084	0.99
A	0.002589	0.0075	1.00
C	0.001438	0.0021	1.00
G	0.001197	-0.0055	1.00
C	0.002664	0.0159	0.99
T	0.002890	0.0487	0.98
T	0.004052	0.1092	0.95
G	0.001492	0.0008	1.00
C	0.001129	-0.0049	1.00
T	0.002393	0.0103	1.00
C	0.003257	0.1896	0.87
T	0.002807	0.0474	0.98
C	0.003042	0.0905	0.96
G	0.000775	-0.0021	0.99
A	0.001930	0.0113	1.00
C	0.001720	0.0062	1.00
A	0.002646	0.0096	1.00
C	0.001400	-0.0106	1.00
A	0.001450	0.0047	1.00
C	0.001675	0.0055	1.00
C	0.000876	-0.0057	0.99
C	0.001528	0.0067	1.00
A	0.002082	0.0016	1.00
A	0.002476	-0.0008	1.00
G	0.001337	-0.0060	1.00
A	0.001427	-0.0101	0.99
A	0.003406	0.0266	0.99
T	0.003686	0.0954	0.95
C	0.001636	-0.0103	1.00
T	0.002193	-0.0012	1.00
G	0.003269	0.0498	0.98
G	0.002446	0.0197	0.99
T	0.001497	-0.0002	1.00
C	0.002464	0.0274	0.99
T	0.001857	0.0092	1.00
T	0.001378	-0.0032	1.00
C	0.001207	-0.0031	1.00
C	0.000848	-0.0026	1.00
T	0.001514	-0.0059	1.00
C	0.001622	0.0063	1.00
A	0.001799	-0.0010	1.00
A	0.002974	0.0336	0.99
A	0.003450	0.0756	0.96
T	0.003615	0.1334	0.92
T	0.001635	-0.0174	1.00
A	0.001471	0.0061	1.00
A	0.002112	0.0069	1.00
A	0.003814	0.1843	0.89
T	0.003188	0.0526	0.97
T	0.001438	-0.0096	1.00
C	0.001464	-0.0025	1.00
T	0.001609	-0.0020	1.00
G	0.002594	0.0240	0.99
T	0.001833	0.0056	1.00
G	0.000980	0.0017	1.00
A	0.002061	0.0043	1.00
C	0.001252	0.0032	1.00
T	0.001055	-0.0002	1.00
G	0.000779	-0.0065	0.99
C	0.002454	0.0231	0.99
C	0.000483	-0.0066	0.98
G	0.002453	0.0099	1.00
C	0.001928	0.0125	0.99
G	0.001480	-0.0098	1.00
G	0.000893	-0.0041	0.99
A	0.001747	-0.0063	1.00
C	0.001595	0.0093	1.00
A	0.002615	0.0116	1.00
C	0.001178	-0.0141	0.99
G	0.000636	-0.0047	0.99
G	0.001980	0.0115	0.99
C	0.000906	-0.0026	1.00
C	0.000470	-0.0034	0.98
A	0.002867	0.0271	0.99
C	0.002158	0.0032	1.00
T	0.003094	0.1970	0.86
T	0.002691	0.0530	0.98
A	0.004112	0.0972	0.96
C	0.002019	0.0059	1.00
T	0.003013	0.0456	0.98
A	0.003498	0.0538	0.98
C	0.002502	0.0508	0.97
T	0.001522	-0.0113	1.00
G	0.002658	0.0243	0.99
T	0.001589	-0.0053	1.00
G	0.001605	-0.0146	0.99
C	0.001427	-0.0199	0.99
G	0.001186	-0.0059	1.00
C	0.002314	0.0245	0.99
G	0.002703	0.0468	0.97
A	0.002044	-0.0098	1.00
T	0.002853	0.0254	0.99
T	0.001534	-0.0026	1.00
C	0.002953	0.0624	0.97
G	0.000559	-0.0044	0.99
G	0.002239	0.0065	1.00
C	0.000895	-0.0030	1.00
G	0.000895	0.0017	1.00
G	0.002193	0.0084	1.00
C	0.001241	0.0042	1.00
G	0.001478	-0.0014	1.00
A	0.001955	-0.0029	1.00
A	0.002967	0.0210	0.99
G	0.003163	0.1536	0.90
T	0.002451	0.0231	0.99
T	0.004123	0.1005	0.96
T	0.002309	0.0229	0.99
T	0.002262	0.0070	1.00
A	0.003396	0.0467	0.98
C	0.001934	-0.0083	1.00
G	0.002836	0.1165	0.92
C	0.002606	-0.0006	1.00
T	0.003482	0.1129	0.95
A	0.003141	0.0673	0.97
C	0.001826	-0.0073	1.00
A	0.002553	0.0116	0.99
C	0.001372	-0.0181	0.99
G	0.002555	0.0110	0.99
G	0.003348	0.0759	0.96
A	0.002310	-0.0097	1.00
T	0.002647	-0.0018	1.00
T	0.001628	0.0015	1.00
G	0.000285	-0.0024	0.98
G	0.000483	-0.0064	0.97
C	0.000617	-0.0025	0.99
C	0.000476	-0.0041	0.99
A	0.002172	0.0149	0.99
A	0.003619	0.0379	0.99
A	0.002807	0.0457	0.98
G	0.000899	-0.0082	0.99
C	0.003996	0.1335	0.94
C	0.000543	-0.0093	0.97
G	0.000576	-0.0044	0.99
G	0.002069	0.0101	1.00
C	0.000720	-0.0062	0.99
C	0.000791	-0.0027	0.99
T	0.002636	0.0186	0.99
G	0.001216	-0.0169	0.99
G	0.002386	-0.0055	1.00
G	0.002765	0.0212	0.99
T	0.001511	0.0005	1.00
C	0.001844	0.0037	1.00
G	0.000745	-0.0025	0.99
A	0.001894	0.0015	1.00
C	0.001265	0.0024	1.00
C	0.001717	0.0033	1.00
T	0.000780	-0.0039	0.99
C	0.000801	-0.0014	1.00
T	0.002806	0.0138	1.00
G	0.000339	-0.0022	0.99
G	0.000318	-0.0051	0.96
G	0.000370	-0.0044	0.98
G	0.000842	-0.0049	1.00
C	0.000670	-0.0038	0.99
C	0.000481	-0.0009	0.99
G	0.001734	0.0028	1.00
G	0.000679	-0.0104	0.98
G	0.001629	0.0050	1.00
G	0.002483	-0.0043	1.00
A	0.002029	-0.0167	1.00
A	0.003347	0.0278	0.99
C	0.003797	0.0792	0.97
G	0.001899	-0.0121	1.00
C	0.001118	-0.0090	0.99
T	0.002616	0.0201	0.99
G	0.001426	-0.0092	0.99
G	0.001175	0.0017	1.00
T	0.001416	-0.0020	1.00
C	0.000757	-0.0053	0.99
A	0.002577	0.0074	1.00
C	0.001438	-0.0001	1.00
C	0.000947	-0.0083	0.99
G	0.001068	-0.0040	1.00
T	0.001504	0.0018	1.00
C	0.000884	-0.0022	1.00
T	0.001868	0.0099	0.99
C	0.001037	-0.0003	1.00
G	0.001637	0.0106	0.99
A	0.001474	-0.0035	1.00
G	0.001503	-0.0075	1.00
C	0.002673	0.0146	1.00
