C	0.002271	0.0027	1.00
A	0.002793	0.0188	0.99
G	0.002139	0.0083	0.99
G	0.002618	0.0288	0.99
T	0.002378	-0.0016	1.00
G	0.002472	-0.0109	1.00
C	0.002166	-0.0230	1.00
A	0.002427	-0.0243	1.00
G	0.003265	0.0961	0.95
C	0.004012	0.1452	0.92
T	0.001858	-0.0150	1.00
G	0.001799	-0.0104	1.00
G	0.002689	0.0237	0.99
T	0.002377	-0.0018	1.00
G	0.002441	-0.0111	1.00
C	0.002088	-0.0283	0.99
A	0.003168	0.0394	0.99
G	0.001810	0.0242	0.98
T	0.001524	-0.0054	1.00
C	0.001072	-0.0055	0.99
A	0.001759	-0.0026	1.00
G	0.000680	-0.0015	0.99
G	0.000982	-0.0110	0.99
G	0.000593	-0.0096	0.98
G	0.003991	0.0524	0.98
C	0.000792	-0.0025	0.99
T	0.001184	-0.0124	0.99
G	0.001485	0.0034	1.00
C	0.002003	0.0034	1.00
C	0.002656	0.0237	0.99
G	0.002398	0.0308	0.99
T	0.002374	0.0185	0.99
G	0.001610	-0.0126	1.00
A	0.001899	-0.0017	1.00
G	0.003198	0.0579	0.97
G	0.001453	-0.0062	1.00
A	0.001882	-0.0045	1.00
A	0.003236	0.0376	0.99
G	0.000949	-0.0073	0.99
C	0.002995	0.0172	0.99
C	0.000743	-0.0005	1.00
T	0.002680	0.0234	0.99
G	0.000653	-0.0013	0.99
G	0.000639	-0.0044	0.99
G	0.000383	-0.0040	0.98
G	0.000867	-0.0046	0.99
C	0.000609	-0.0015	0.99
C	0.000540	-0.0025	0.99
T	0.001463	-0.0015	1.00
C	0.000602	-0.0053	0.99
A	0.002507	0.0134	1.00
G	0.002359	0.0200	0.99
T	0.001645	0.0014	1.00
G	0.001356	-0.0088	1.00
A	0.001807	0.0012	1.00
C	0.001944	-0.0165	1.00
T	0.002130	0.0267	0.98
G	0.000767	-0.0132	0.98
T	0.002235	0.0186	0.99
C	0.000931	-0.0023	0.99
T	0.001980	0.0105	1.00
C	0.001091	0.0009	0.99
C	0.001732	-0.0021	1.00
T	0.001860	-0.0198	0.99
G	0.003055	0.0362	0.98
T	0.001850	0.0190	0.99
A	0.002366	0.0010	1.00
A	0.003507	0.1184	0.95
A	0.000705	-0.0071	0.99
T	0.003673	0.1465	0.92
T	0.000951	0.0006	1.00
C	0.002838	0.0393	0.99
G	0.001592	-0.0042	1.00
C	0.002730	0.0646	0.96
T	0.001783	-0.0019	1.00
G	0.001404	-0.0057	1.00
A	0.002501	0.0484	0.97
A	0.002487	-0.0059	1.00
G	0.003716	0.1246	0.94
A	0.003146	0.0779	0.96
C	0.001978	-0.0067	1.00
G	0.000000	0.0000	nan
A	0.000000	0.0000	nan
C	0.000000	0.0000	nan
G	0.000000	0.0000	nan
A	0.000000	0.0000	nan
C	0.000000	0.0000	nan
T	0.000000	0.0000	nan
A	0.000000	0.0000	nan
C	0.000000	0.0000	nan
T	0.000000	0.0000	nan
C	0.000000	0.0000	nan
T	0.000000	0.0000	nan
C	0.000000	0.0000	nan
C	0.000000	0.0000	nan
A	0.000000	0.0000	nan
T	0.000000	0.0000	nan
A	0.000000	0.0000	nan
C	0.000000	0.0000	nan
T	0.000000	0.0000	nan
G	0.000000	0.0000	nan
G	0.000000	0.0000	nan
G	0.000000	0.0000	nan
T	0.000000	0.0000	nan
G	0.000000	0.0000	nan
A	0.000000	0.0000	nan
A	0.000000	0.0000	nan
T	0.000000	0.0000	nan
C	0.003101	0.0396	0.99
C	0.001713	0.0073	1.00
G	0.002024	0.0225	0.98
G	0.002348	-0.0007	1.00
C	0.001499	0.0005	1.00
C	0.002001	0.0014	1.00
C	0.002755	0.0095	1.00
C	0.001661	-0.0026	1.00
T	0.001065	-0.0079	1.00
G	0.000802	-0.0088	0.99
A	0.003800	0.0840	0.96
A	0.001298	0.0143	0.99
C	0.002780	0.0263	0.99
A	0.003788	0.0632	0.98
T	0.002562	0.0488	0.97
T	0.002445	0.0188	0.99
T	0.004308	0.1293	0.95
T	0.002306	0.0136	0.99
A	0.004114	0.1744	0.92
T	0.002344	0.0060	1.00
T	0.003016	0.1394	0.91
C	0.002526	0.0195	0.99
A	0.003014	0.0514	0.98
C	0.002352	0.0172	0.99
T	0.001726	-0.0106	1.00
T	0.000546	-0.0073	0.97
T	0.001102	-0.0098	0.99
T	0.002502	0.0124	1.00
T	0.002238	0.0021	1.00
G	0.001639	-0.0128	1.00
C	0.001211	-0.0219	0.98
G	0.000722	-0.0038	1.00
A	0.002548	0.0207	0.99
C	0.000508	-0.0055	0.98
A	0.001541	-0.0067	1.00
G	0.000435	-0.0027	0.99
G	0.000833	-0.0018	0.99
C	0.000768	-0.0055	0.99
C	0.000478	-0.0037	0.99
C	0.000705	-0.0002	1.00
C	0.000784	-0.0005	1.00
T	0.002950	0.0184	0.99
G	0.001224	-0.0032	1.00
G	0.000766	-0.0047	0.99
A	0.001734	-0.0048	1.00
C	0.000965	-0.0107	0.99
A	0.002294	0.0000	1.00
A	0.004498	0.1236	0.95
C	0.000839	-0.0113	0.99
A	0.000797	-0.0040	0.99
A	0.003697	0.0580	0.98
C	0.001032	0.0002	1.00
T	0.002227	-0.0019	1.00
A	0.001493	-0.0119	0.99
G	0.001424	0.0075	1.00
A	0.002143	0.0041	1.00
G	0.002954	0.0479	0.98
T	0.002060	0.0100	1.00
G	0.001263	-0.0063	1.00
G	0.001714	0.0016	1.00
C	0.003264	0.0573	0.98
T	0.002625	0.0222	0.99
G	0.001076	-0.0134	0.99
G	0.001856	0.0052	1.00
C	0.003375	0.1090	0.94
A	0.003304	0.0585	0.98
T	0.002733	0.0237	0.99
G	0.001603	-0.0042	1.00
G	0.002049	-0.0046	1.00
A	0.002333	-0.0037	1.00
T	0.001639	-0.0038	1.00
G	0.001925	-0.0026	1.00
A	0.002394	0.0046	1.00
A	0.003054	-0.0089	1.00
C	0.003825	0.0870	0.96
C	0.002044	-0.0115	1.00
C	0.001458	-0.0166	1.00
A	0.002578	0.0198	0.99
A	0.003515	0.0365	0.99
C	0.002922	0.0197	0.99
G	0.002851	0.0399	0.98
A	0.002543	0.0133	0.99
A	0.002544	0.0176	0.99
T	0.002097	0.0070	1.00
G	0.002020	0.0074	1.00
G	0.002565	0.0244	0.99
C	0.002360	0.0104	1.00
G	0.001067	-0.0079	0.99
C	0.002886	0.0529	0.97
C	0.002825	0.0933	0.93
G	0.002431	-0.0045	1.00
T	0.002334	-0.0120	1.00
T	0.002120	-0.0057	1.00
A	0.003657	0.0588	0.98
A	0.002868	0.0030	1.00
T	0.003160	0.0730	0.96
T	0.002435	0.0189	0.99
A	0.004372	0.1010	0.96
T	0.002195	-0.0084	1.00
G	0.003341	0.1462	0.91
C	0.002346	0.0226	0.99
A	0.002226	0.0001	1.00
T	0.001618	0.0009	1.00
G	0.001976	0.0059	1.00
G	0.001408	-0.0050	1.00
T	0.001693	-0.0009	1.00
A	0.003037	0.0241	0.99
C	0.003084	0.0495	0.98
C	0.002249	0.0150	1.00
T	0.002406	0.0090	1.00
T	0.001583	0.0021	1.00
A	0.001869	-0.0024	1.00
A	0.002228	0.0030	1.00
T	0.001770	-0.0197	1.00
G	0.000702	-0.0037	0.99
G	0.004110	0.4501	0.71
C	0.000720	0.0019	0.99
A	0.002022	-0.0056	1.00
G	0.000626	-0.0086	0.98
G	0.002001	0.0126	0.99
G	0.000985	-0.0078	1.00
T	0.001512	-0.0005	1.00
C	0.000800	-0.0055	0.99
A	0.002768	0.0064	1.00
C	0.001477	0.0042	1.00
G	0.001317	-0.0066	1.00
G	0.002843	0.0165	1.00
C	0.002904	0.0443	0.98
G	0.000989	-0.0092	0.99
A	0.002144	0.0044	1.00
C	0.001784	0.0167	0.99
C	0.001857	0.0049	1.00
A	0.002028	-0.0010	1.00
G	0.000634	-0.0087	0.98
G	0.001911	0.0114	1.00
G	0.001096	-0.0071	0.99
A	0.001896	-0.0073	1.00
C	0.001698	0.0105	1.00
A	0.002762	0.0115	0.99
G	0.001506	-0.0119	1.00
G	0.001516	0.0069	0.99
T	0.001764	0.0077	1.00
C	0.000901	-0.0044	1.00
C	0.001261	-0.0018	1.00
A	0.003366	0.0313	0.99
T	0.001814	-0.0030	1.00
G	0.001989	0.0132	0.99
A	0.002398	0.0243	0.99
C	0.002558	0.0792	0.95
T	0.003746	0.1935	0.88
A	0.002677	-0.0055	1.00
C	0.002475	0.0062	1.00
A	0.002426	0.0078	1.00
G	0.001315	-0.0113	0.99
C	0.003299	0.0138	0.99
C	0.001052	0.0005	1.00
T	0.002939	0.0409	0.98
T	0.003708	0.0424	0.98
T	0.001895	0.0139	0.99
T	0.002994	0.0304	0.99
T	0.002977	0.0236	0.99
G	0.001926	0.0259	0.99
G	0.001525	-0.0041	1.00
A	0.002061	-0.0027	1.00
A	0.003584	0.1922	0.89
G	0.003727	0.1430	0.92
T	0.001754	-0.0169	1.00
G	0.001654	0.0061	1.00
A	0.002049	0.0113	1.00
A	0.003003	0.0153	0.98
G	0.004104	0.2150	0.87
A	0.002237	-0.0120	1.00
G	0.000705	-0.0089	0.99
T	0.004667	0.1469	0.93
C	0.000850	-0.0048	0.99
T	0.001198	-0.0114	0.99
A	0.001575	0.0086	1.00
A	0.001694	-0.0027	1.00
G	0.002947	0.0501	0.97
A	0.002238	-0.0234	1.00
T	0.002376	-0.0140	1.00
C	0.003243	0.0757	0.96
T	0.001587	-0.0014	1.00
G	0.000579	-0.0073	0.98
A	0.001874	0.0053	1.00
C	0.000679	-0.0079	0.99
G	0.000989	-0.0088	0.99
A	0.002474	0.0195	0.99
C	0.001847	0.0068	1.00
A	0.002772	0.0140	0.99
C	0.001335	-0.0175	0.99
G	0.000692	-0.0052	0.99
G	0.002070	0.0140	0.99
C	0.000966	-0.0027	1.00
C	0.000516	-0.0042	0.99
G	0.002984	0.0315	0.98
T	0.002240	0.0052	1.00
C	0.003069	0.2097	0.86
T	0.002772	0.0588	0.97
A	0.004178	0.1095	0.96
C	0.002146	0.0071	1.00
T	0.003161	0.0488	0.98
A	0.003617	0.0600	0.98
T	0.002585	0.0543	0.96
T	0.001644	-0.0112	1.00
G	0.002765	0.0287	0.99
T	0.001704	-0.0055	1.00
G	0.001735	-0.0141	1.00
C	0.001565	-0.0219	0.99
G	0.001234	-0.0064	1.00
A	0.002501	0.0272	0.99
G	0.001560	-0.0033	1.00
G	0.001902	-0.0155	1.00
G	0.001437	0.0238	0.98
C	0.004579	0.2153	0.89
C	0.000952	-0.0096	0.99
C	0.000591	-0.0077	0.98
A	0.001128	-0.0113	0.99
G	0.001203	-0.0000	1.00
A	0.001488	-0.0071	1.00
A	0.003463	0.0524	0.98
A	0.003035	0.0484	0.98
A	0.002586	0.0039	1.00
G	0.000526	-0.0035	0.99
G	0.000544	-0.0031	0.99
G	0.000999	-0.0101	0.99
G	0.000522	-0.0076	0.98
G	0.003022	0.0198	0.99
C	0.000785	0.0010	1.00
G	0.001506	-0.0080	1.00
G	0.001660	-0.0039	1.00
A	0.002358	0.0199	0.99
G	0.002983	0.0509	0.98
T	0.001662	-0.0017	1.00
G	0.001518	-0.0007	1.00
A	0.002120	0.0049	1.00
G	0.002894	0.0528	0.97
T	0.002030	0.0114	1.00
G	0.000552	-0.0009	0.99
G	0.000308	-0.0038	0.98
G	0.001003	-0.0071	0.99
C	0.000644	-0.0026	0.99
C	0.000806	0.0041	0.99
T	0.002924	0.0387	0.98
A	0.003671	0.0560	0.98
C	0.002218	0.0315	0.98
G	0.001418	0.0076	0.99
C	0.002937	0.0307	0.99
C	0.000762	-0.0067	0.99
C	0.000840	-0.0076	0.99
A	0.002377	0.0085	1.00
C	0.002145	0.0191	0.99
T	0.001596	-0.0085	1.00
G	0.000350	-0.0022	0.99
G	0.000259	-0.0028	0.97
G	0.000404	-0.0052	0.98
G	0.000892	-0.0036	0.99
T	0.000697	-0.0027	0.99
C	0.000502	-0.0005	0.99
A	0.001997	-0.0022	1.00
G	0.001571	-0.0155	1.00
G	0.000845	-0.0040	1.00
G	0.003413	0.4206	0.69
C	0.001364	0.0821	0.90
A	0.002921	0.0078	1.00
C	0.001726	-0.0117	1.00
T	0.001400	-0.0062	1.00
C	0.000915	-0.0032	1.00
C	0.002775	0.0218	0.99
G	0.001534	-0.0093	1.00
G	0.001225	0.0044	1.00
T	0.001489	-0.0008	1.00
C	0.000831	-0.0062	0.99
G	0.002709	0.0100	1.00
T	0.001563	-0.0024	1.00
C	0.001044	-0.0095	0.99
G	0.001162	-0.0048	1.00
T	0.001598	0.0030	1.00
C	0.000980	-0.0038	1.00
T	0.002032	0.0066	1.00
C	0.001107	-0.0005	1.00
G	0.001718	0.0120	0.99
T	0.001590	-0.0049	1.00
C	0.001620	-0.0084	1.00
A	0.002771	0.0190	0.99
