C	0.002183	0.0028	1.00
A	0.002696	0.0166	0.99
G	0.002081	0.0057	1.00
G	0.002581	0.0242	0.99
T	0.002265	-0.0025	1.00
G	0.002361	-0.0105	1.00
C	0.002064	-0.0234	0.99
A	0.002325	-0.0248	1.00
G	0.003260	0.0868	0.95
C	0.004050	0.1350	0.93
T	0.001769	-0.0148	1.00
G	0.001732	-0.0107	1.00
G	0.002642	0.0186	0.99
T	0.002297	-0.0029	1.00
G	0.002349	-0.0126	1.00
C	0.002027	-0.0289	0.99
A	0.003138	0.0326	0.99
G	0.001776	0.0224	0.98
T	0.001466	-0.0067	1.00
C	0.001041	-0.0059	1.00
T	0.001685	-0.0024	1.00
G	0.000647	-0.0013	0.99
G	0.000928	-0.0110	0.99
G	0.000548	-0.0087	0.98
G	0.003936	0.0451	0.99
G	0.000776	-0.0038	1.00
T	0.001112	-0.0109	0.99
C	0.001425	0.0043	1.00
A	0.001993	-0.0005	1.00
G	0.002616	0.0188	0.99
A	0.002396	0.0260	0.99
T	0.002312	0.0162	0.99
G	0.001535	-0.0120	1.00
A	0.001867	-0.0042	1.00
A	0.003145	0.0514	0.98
G	0.001414	-0.0072	1.00
A	0.001813	-0.0052	1.00
A	0.003132	0.0357	0.99
G	0.000889	-0.0069	0.99
C	0.002921	0.0137	0.99
C	0.000701	-0.0002	0.99
T	0.002645	0.0190	0.99
G	0.000621	-0.0007	0.99
G	0.000604	-0.0031	0.99
C	0.000365	-0.0039	0.98
G	0.000818	-0.0043	1.00
A	0.000609	-0.0030	0.99
G	0.000509	-0.0015	0.99
T	0.001415	-0.0023	1.00
C	0.000557	-0.0034	0.99
G	0.002472	0.0079	1.00
A	0.002334	0.0146	0.99
T	0.001586	-0.0004	1.00
G	0.001318	-0.0104	0.99
A	0.001795	-0.0032	1.00
G	0.001847	-0.0158	0.99
A	0.002105	0.0234	0.99
A	0.000707	-0.0116	0.98
T	0.002178	0.0179	0.99
T	0.000888	-0.0022	1.00
T	0.001953	0.0058	1.00
C	0.001048	0.0007	0.99
T	0.001690	-0.0038	1.00
T	0.001789	-0.0203	0.99
G	0.002996	0.0318	0.99
T	0.001853	0.0138	0.99
C	0.002329	-0.0032	1.00
G	0.003430	0.1147	0.95
G	0.000677	-0.0071	0.99
G	0.003708	0.1373	0.93
C	0.000912	0.0014	1.00
T	0.002757	0.0346	0.98
T	0.001552	-0.0054	1.00
C	0.002785	0.0537	0.97
T	0.001724	-0.0029	1.00
G	0.001371	-0.0066	1.00
G	0.002460	0.0428	0.98
A	0.002387	-0.0064	1.00
T	0.003653	0.1199	0.94
A	0.003172	0.0675	0.97
T	0.001906	-0.0070	1.00
G	0.003011	0.0374	0.99
A	0.001656	0.0061	1.00
A	0.002006	0.0193	0.99
T	0.002288	-0.0035	1.00
T	0.001465	-0.0009	1.00
T	0.001934	-0.0000	1.00
A	0.002676	0.0073	1.00
T	0.001636	-0.0050	1.00
T	0.000997	-0.0074	1.00
G	0.000773	-0.0092	0.99
A	0.003765	0.0752	0.97
T	0.001312	0.0101	0.99
T	0.002758	0.0214	0.99
G	0.003723	0.0575	0.98
T	0.002508	0.0446	0.98
A	0.002365	0.0185	0.99
C	0.004266	0.1237	0.95
G	0.002268	0.0107	0.99
C	0.004134	0.1599	0.93
T	0.002291	0.0029	1.00
A	0.002997	0.1348	0.91
A	0.002468	0.0164	0.99
A	0.002930	0.0485	0.98
T	0.002284	0.0161	0.99
T	0.001647	-0.0099	0.99
G	0.000501	-0.0063	0.98
G	0.001030	-0.0090	0.99
A	0.002451	0.0085	1.00
T	0.002197	-0.0023	1.00
T	0.001589	-0.0132	0.99
C	0.001161	-0.0210	0.98
G	0.000687	-0.0036	0.99
T	0.002556	0.0137	1.00
C	0.000467	-0.0046	0.99
T	0.001450	-0.0046	1.00
G	0.000422	-0.0034	0.99
G	0.000814	-0.0029	1.00
C	0.000747	-0.0065	0.99
C	0.000453	-0.0029	0.99
C	0.000676	-0.0010	1.00
C	0.000745	0.0000	1.00
C	0.002850	0.0159	0.99
G	0.001188	-0.0043	1.00
G	0.000730	-0.0039	0.99
A	0.001700	-0.0062	1.00
A	0.000912	-0.0101	0.99
A	0.002174	0.0024	1.00
A	0.004494	0.1109	0.96
A	0.000785	-0.0104	0.99
G	0.000761	-0.0040	0.99
G	0.003626	0.0527	0.98
C	0.000976	0.0008	1.00
C	0.002172	-0.0038	1.00
T	0.001430	-0.0120	0.99
G	0.001352	0.0093	0.99
A	0.002066	0.0026	1.00
G	0.002890	0.0453	0.98
T	0.001980	0.0095	0.99
G	0.001231	-0.0070	1.00
G	0.001670	0.0010	1.00
A	0.003172	0.0560	0.97
T	0.002620	0.0154	1.00
G	0.001013	-0.0135	0.99
G	0.001811	0.0025	1.00
G	0.003363	0.1009	0.95
A	0.003294	0.0511	0.98
T	0.002666	0.0204	0.99
G	0.001555	-0.0062	1.00
G	0.001987	-0.0050	1.00
C	0.002276	-0.0052	1.00
T	0.001570	-0.0042	1.00
G	0.001842	-0.0033	1.00
A	0.002345	0.0029	1.00
A	0.002984	-0.0126	1.00
G	0.003781	0.0787	0.96
C	0.001983	-0.0140	1.00
C	0.001398	-0.0175	0.99
T	0.002533	0.0152	0.99
C	0.003474	0.0306	0.99
G	0.002894	0.0132	1.00
G	0.002829	0.0342	0.98
G	0.002482	0.0113	1.00
G	0.002533	0.0119	0.99
G	0.002040	0.0063	1.00
G	0.001933	0.0058	1.00
G	0.002499	0.0220	0.99
G	0.002308	0.0068	1.00
G	0.001036	-0.0086	0.99
C	0.002839	0.0490	0.97
C	0.002825	0.0856	0.94
G	0.002348	-0.0051	1.00
T	0.002274	-0.0138	1.00
C	0.002064	-0.0076	1.00
A	0.003605	0.0541	0.98
A	0.002797	-0.0006	1.00
C	0.003151	0.0666	0.96
T	0.002361	0.0166	0.99
A	0.004375	0.0936	0.96
C	0.002088	-0.0079	1.00
G	0.003362	0.1372	0.92
C	0.002310	0.0190	0.99
A	0.002164	-0.0021	1.00
C	0.001541	0.0005	1.00
G	0.001952	0.0033	1.00
T	0.001321	-0.0051	1.00
C	0.001601	-0.0009	1.00
C	0.003014	0.0192	0.99
A	0.003032	0.0458	0.98
C	0.002200	0.0110	1.00
T	0.002317	0.0076	1.00
T	0.001546	0.0008	1.00
C	0.001787	-0.0035	1.00
A	0.002163	0.0023	1.00
G	0.001725	-0.0215	1.00
G	0.000667	-0.0032	0.99
G	0.004229	0.4335	0.73
C	0.000689	0.0021	0.99
A	0.001905	-0.0035	1.00
G	0.000591	-0.0082	0.98
A	0.001992	0.0085	1.00
G	0.000939	-0.0084	0.99
T	0.001475	-0.0024	1.00
G	0.000780	-0.0060	0.99
A	0.002669	0.0073	1.00
C	0.001450	0.0021	1.00
C	0.001262	-0.0066	1.00
A	0.002714	0.0173	1.00
T	0.002887	0.0392	0.99
G	0.000923	-0.0074	0.99
A	0.002108	0.0023	1.00
C	0.001713	0.0157	0.99
T	0.001805	0.0041	1.00
C	0.001978	-0.0039	1.00
G	0.000627	-0.0096	0.98
A	0.001863	0.0087	1.00
G	0.001029	-0.0069	0.99
A	0.001829	-0.0075	1.00
C	0.001657	0.0094	0.99
G	0.002651	0.0123	1.00
T	0.001426	-0.0113	1.00
T	0.001504	0.0037	1.00
T	0.001736	0.0043	1.00
A	0.000871	-0.0042	1.00
T	0.001223	-0.0018	0.99
T	0.003302	0.0266	0.99
C	0.001790	-0.0059	1.00
C	0.001923	0.0129	0.99
G	0.002304	0.0242	0.99
A	0.002537	0.0743	0.95
C	0.003800	0.1786	0.90
A	0.002595	-0.0073	1.00
C	0.002405	0.0037	1.00
A	0.002371	0.0043	1.00
G	0.001220	-0.0098	1.00
C	0.003234	0.0084	0.99
C	0.001017	-0.0010	1.00
T	0.002919	0.0341	0.99
T	0.003633	0.0386	0.98
T	0.001847	0.0117	0.99
T	0.002945	0.0264	0.99
T	0.002967	0.0162	1.00
G	0.001893	0.0220	0.99
G	0.001476	-0.0039	1.00
A	0.001959	-0.0011	1.00
G	0.003580	0.1823	0.90
C	0.003730	0.1349	0.93
T	0.001700	-0.0184	0.99
G	0.001618	0.0045	1.00
C	0.001980	0.0111	1.00
G	0.002962	0.0108	0.99
C	0.004176	0.1990	0.89
T	0.002167	-0.0128	1.00
C	0.000655	-0.0078	0.98
G	0.004641	0.1362	0.94
T	0.000802	-0.0047	0.99
T	0.001161	-0.0118	0.99
G	0.001515	0.0083	1.00
A	0.001641	-0.0038	1.00
C	0.002925	0.0459	0.98
A	0.002155	-0.0235	0.99
G	0.002305	-0.0163	1.00
T	0.003245	0.0678	0.96
A	0.001545	-0.0035	1.00
G	0.000547	-0.0064	0.99
A	0.001860	0.0011	1.00
C	0.000650	-0.0073	0.98
G	0.000916	-0.0074	0.99
A	0.002385	0.0191	0.99
C	0.001748	0.0078	0.99
A	0.002778	0.0074	1.00
C	0.001268	-0.0168	0.99
G	0.000656	-0.0060	0.99
G	0.001997	0.0146	0.99
C	0.000928	-0.0029	1.00
C	0.000495	-0.0042	0.99
G	0.002983	0.0245	0.99
T	0.002176	0.0060	1.00
C	0.003082	0.1994	0.86
T	0.002734	0.0536	0.98
A	0.004179	0.0988	0.96
C	0.002077	0.0049	1.00
T	0.003098	0.0433	0.98
T	0.003577	0.0548	0.98
T	0.002533	0.0510	0.97
T	0.001568	-0.0115	1.00
G	0.002737	0.0230	0.99
T	0.001653	-0.0065	1.00
A	0.001674	-0.0150	0.99
C	0.001477	-0.0210	0.99
T	0.001167	-0.0068	1.00
A	0.002435	0.0211	0.99
G	0.001580	-0.0047	1.00
G	0.002171	0.0177	0.99
G	0.002427	0.0448	0.97
G	0.001539	0.0036	1.00
A	0.002162	0.0160	0.99
A	0.003002	0.0382	0.98
A	0.003088	0.0665	0.97
A	0.003157	0.0595	0.98
A	0.003155	0.1296	0.93
A	0.003385	0.1148	0.94
C	0.002337	-0.0004	1.00
T	0.002687	0.0663	0.96
G	0.004115	0.0993	0.96
T	0.001772	-0.0190	0.99
G	0.002622	0.0617	0.96
A	0.002547	0.0016	1.00
T	0.002555	0.0323	0.99
T	0.003000	0.0400	0.98
A	0.003559	0.0460	0.98
C	0.002347	0.0403	0.98
A	0.003609	0.0526	0.98
A	0.002346	-0.0007	1.00
T	0.002055	0.0007	1.00
T	0.001755	0.0069	1.00
G	0.000387	-0.0066	0.98
G	0.000915	-0.0058	1.00
G	0.000954	-0.0045	1.00
A	0.001891	0.0010	1.00
C	0.001097	-0.0002	1.00
T	0.002521	0.0196	0.99
T	0.001641	-0.0065	1.00
C	0.002888	0.0557	0.97
G	0.001128	-0.0187	0.98
A	0.001974	0.0069	1.00
A	0.002344	0.0779	0.94
C	0.003866	0.1780	0.90
A	0.003094	0.0434	0.99
C	0.002814	0.0149	0.99
T	0.001653	-0.0100	1.00
G	0.000340	-0.0026	0.99
G	0.000263	-0.0033	0.98
G	0.000374	-0.0043	0.98
G	0.000841	-0.0027	0.99
C	0.000681	-0.0034	0.99
C	0.000483	-0.0004	1.00
G	0.001894	-0.0009	1.00
G	0.001537	-0.0174	1.00
G	0.000820	-0.0055	0.99
G	0.003555	0.4021	0.71
C	0.001324	0.0823	0.89
A	0.002864	0.0033	1.00
C	0.001681	-0.0131	1.00
C	0.001347	-0.0067	1.00
C	0.000874	-0.0032	1.00
C	0.002725	0.0190	0.99
G	0.001457	-0.0087	1.00
G	0.001208	0.0022	1.00
T	0.001441	-0.0014	1.00
C	0.000787	-0.0054	0.99
A	0.002646	0.0067	1.00
T	0.001499	-0.0019	1.00
C	0.000988	-0.0094	0.99
G	0.001127	-0.0046	1.00
T	0.001582	-0.0022	1.00
C	0.000922	-0.0023	1.00
T	0.001958	0.0068	1.00
C	0.001077	-0.0002	1.00
A	0.001693	0.0096	0.99
T	0.001534	-0.0041	1.00
C	0.001568	-0.0083	1.00
A	0.002717	0.0160	0.99
