C	0.002178	0.0031	1.00
A	0.002713	0.0167	0.99
G	0.002075	0.0071	1.00
G	0.002566	0.0259	0.99
A	0.002308	-0.0019	1.00
G	0.002365	-0.0104	1.00
G	0.002123	-0.0247	0.99
T	0.002326	-0.0231	1.00
A	0.003266	0.0885	0.95
C	0.003969	0.1442	0.92
T	0.001813	-0.0165	1.00
G	0.001746	-0.0111	1.00
G	0.002638	0.0206	0.99
T	0.002295	-0.0007	1.00
G	0.002353	-0.0105	1.00
C	0.002011	-0.0282	0.99
A	0.003113	0.0375	0.99
G	0.001766	0.0234	0.99
T	0.001466	-0.0061	1.00
C	0.001045	-0.0058	0.99
T	0.001680	-0.0008	1.00
G	0.000654	-0.0013	0.99
G	0.000939	-0.0107	0.99
G	0.000561	-0.0085	0.98
G	0.003924	0.0467	0.99
C	0.000791	-0.0042	0.99
T	0.001113	-0.0113	0.99
G	0.001438	0.0043	1.00
A	0.001955	0.0017	1.00
A	0.002614	0.0219	0.99
G	0.002368	0.0286	0.99
T	0.002316	0.0176	0.99
G	0.001551	-0.0121	0.99
A	0.001863	-0.0037	1.00
A	0.003171	0.0510	0.98
G	0.001412	-0.0064	1.00
A	0.001836	-0.0054	1.00
A	0.003156	0.0359	0.99
G	0.000919	-0.0081	0.99
C	0.002936	0.0149	0.99
C	0.000736	-0.0019	1.00
T	0.002619	0.0214	0.99
G	0.000628	-0.0006	0.99
G	0.000618	-0.0041	0.99
G	0.000357	-0.0032	0.98
G	0.000832	-0.0048	1.00
C	0.000609	-0.0025	0.99
C	0.000529	-0.0033	0.99
T	0.001420	-0.0016	1.00
C	0.000574	-0.0044	0.99
A	0.002457	0.0100	1.00
G	0.002330	0.0174	0.99
T	0.001597	-0.0001	1.00
G	0.001314	-0.0088	1.00
A	0.001782	-0.0018	1.00
A	0.001833	-0.0146	0.99
G	0.002101	0.0244	0.98
G	0.000712	-0.0113	0.98
T	0.002212	0.0154	0.99
C	0.000884	-0.0004	1.00
T	0.001930	0.0077	1.00
C	0.001080	-0.0004	1.00
C	0.001674	-0.0028	1.00
T	0.001779	-0.0182	0.99
G	0.003001	0.0332	0.99
C	0.001801	0.0172	0.99
A	0.002327	-0.0020	1.00
G	0.003404	0.1171	0.94
G	0.000683	-0.0072	0.99
G	0.003683	0.1401	0.93
C	0.000914	0.0006	0.99
T	0.002762	0.0359	0.99
T	0.001531	-0.0043	1.00
T	0.002713	0.0608	0.97
T	0.001727	-0.0030	1.00
G	0.001328	-0.0038	1.00
G	0.002452	0.0439	0.98
A	0.002447	-0.0082	1.00
T	0.003679	0.1198	0.94
A	0.003147	0.0723	0.97
T	0.001920	-0.0077	1.00
A	0.003028	0.0365	0.99
C	0.001677	0.0060	1.00
C	0.002001	0.0213	0.99
T	0.002281	-0.0017	1.00
T	0.001442	0.0013	1.00
T	0.001948	-0.0006	1.00
A	0.002702	0.0072	1.00
C	0.001621	-0.0036	1.00
C	0.001000	-0.0077	0.99
G	0.000754	-0.0081	0.99
G	0.003772	0.0780	0.97
C	0.001270	0.0116	0.99
A	0.002723	0.0235	0.99
A	0.003719	0.0605	0.98
T	0.002545	0.0446	0.98
G	0.002380	0.0193	0.99
C	0.004256	0.1245	0.95
T	0.002309	0.0105	0.99
C	0.004134	0.1616	0.93
T	0.002299	0.0029	1.00
G	0.002976	0.1379	0.91
C	0.002455	0.0182	0.99
A	0.002933	0.0494	0.98
C	0.002258	0.0177	0.99
T	0.001671	-0.0107	1.00
G	0.000513	-0.0068	0.98
G	0.001051	-0.0099	0.99
G	0.002442	0.0095	1.00
T	0.002209	-0.0014	1.00
T	0.001590	-0.0127	1.00
C	0.001163	-0.0220	0.98
G	0.000685	-0.0029	0.99
G	0.002505	0.0187	0.99
C	0.000477	-0.0051	0.98
A	0.001463	-0.0044	1.00
G	0.000423	-0.0025	0.99
G	0.000809	-0.0022	1.00
C	0.000744	-0.0060	0.99
C	0.000462	-0.0036	0.98
C	0.000670	-0.0002	1.00
C	0.000740	0.0008	1.00
T	0.002840	0.0170	0.99
G	0.001184	-0.0037	1.00
G	0.000730	-0.0036	0.99
G	0.001689	-0.0037	1.00
C	0.000921	-0.0101	0.99
A	0.002195	0.0023	1.00
A	0.004424	0.1182	0.95
G	0.000794	-0.0109	0.98
G	0.000764	-0.0041	1.00
T	0.003626	0.0541	0.98
C	0.000984	0.0009	1.00
T	0.002167	-0.0030	1.00
T	0.001426	-0.0115	0.99
G	0.001358	0.0087	0.99
A	0.002070	0.0037	1.00
G	0.002903	0.0449	0.98
T	0.002009	0.0073	1.00
G	0.001234	-0.0070	1.00
G	0.001680	0.0003	1.00
C	0.003181	0.0565	0.98
T	0.002613	0.0178	0.99
G	0.001014	-0.0130	0.99
G	0.001806	0.0045	1.00
G	0.003358	0.1025	0.95
G	0.003270	0.0528	0.98
T	0.002747	0.0172	0.99
G	0.001554	-0.0062	1.00
G	0.002001	-0.0049	1.00
A	0.002266	-0.0043	1.00
T	0.001586	-0.0032	1.00
C	0.001840	-0.0019	1.00
A	0.002325	0.0044	1.00
A	0.002972	-0.0099	1.00
C	0.003770	0.0802	0.96
C	0.001981	-0.0117	1.00
C	0.001402	-0.0172	0.99
T	0.002524	0.0176	0.99
C	0.003471	0.0311	0.99
A	0.002870	0.0175	0.99
C	0.002831	0.0367	0.98
A	0.002494	0.0099	1.00
G	0.002462	0.0171	0.99
T	0.002005	0.0087	1.00
G	0.001969	0.0053	1.00
G	0.002510	0.0216	0.99
T	0.002283	0.0108	1.00
G	0.001036	-0.0086	0.99
A	0.002842	0.0501	0.97
C	0.002800	0.0897	0.94
A	0.002336	-0.0028	1.00
C	0.002274	-0.0131	1.00
A	0.002062	-0.0065	1.00
A	0.003590	0.0549	0.98
C	0.002796	0.0011	1.00
C	0.003137	0.0685	0.96
A	0.002380	0.0169	0.99
C	0.004326	0.0967	0.96
T	0.002117	-0.0077	1.00
T	0.003345	0.1397	0.92
C	0.002266	0.0237	0.99
A	0.002151	0.0007	1.00
C	0.001558	0.0002	1.00
A	0.001943	0.0046	1.00
G	0.001322	-0.0036	1.00
A	0.001652	-0.0020	1.00
A	0.002970	0.0228	0.99
A	0.002994	0.0498	0.98
T	0.002212	0.0117	0.99
T	0.002326	0.0077	1.00
T	0.001523	0.0022	1.00
C	0.001779	-0.0016	1.00
A	0.002152	0.0040	1.00
G	0.001691	-0.0194	1.00
G	0.000677	-0.0042	0.99
G	0.004192	0.4386	0.72
C	0.000695	0.0027	1.00
A	0.001925	-0.0044	1.00
G	0.000589	-0.0079	0.98
G	0.001967	0.0108	0.99
G	0.000930	-0.0078	0.99
T	0.001474	-0.0014	1.00
C	0.000781	-0.0064	0.99
T	0.002626	0.0097	1.00
A	0.001430	0.0038	1.00
C	0.001274	-0.0068	1.00
A	0.002736	0.0166	0.99
T	0.002885	0.0392	0.98
G	0.000953	-0.0089	0.99
A	0.002109	0.0025	1.00
C	0.001736	0.0159	0.99
C	0.001772	0.0069	1.00
A	0.001957	-0.0013	1.00
G	0.000609	-0.0085	0.98
G	0.001893	0.0074	1.00
G	0.001050	-0.0070	0.99
A	0.001840	-0.0079	1.00
C	0.001648	0.0093	0.99
A	0.002677	0.0114	1.00
A	0.001436	-0.0105	0.99
G	0.001512	0.0043	1.00
T	0.001741	0.0038	1.00
C	0.000868	-0.0042	1.00
C	0.001240	-0.0030	1.00
A	0.003287	0.0287	0.99
T	0.001770	-0.0040	1.00
C	0.001908	0.0150	0.99
A	0.002339	0.0226	0.99
A	0.002518	0.0769	0.95
C	0.003749	0.1847	0.89
A	0.002575	-0.0045	1.00
C	0.002401	0.0048	1.00
A	0.002357	0.0061	1.00
G	0.001235	-0.0099	1.00
C	0.003244	0.0108	0.99
C	0.001001	0.0007	1.00
T	0.002922	0.0356	0.98
T	0.003642	0.0369	0.99
T	0.001833	0.0140	0.99
T	0.002975	0.0266	0.99
T	0.002920	0.0206	0.99
G	0.001862	0.0237	0.99
G	0.001486	-0.0045	1.00
A	0.002025	-0.0038	1.00
C	0.003551	0.1873	0.89
G	0.003699	0.1372	0.92
T	0.001673	-0.0161	1.00
G	0.001623	0.0044	1.00
A	0.001963	0.0119	1.00
C	0.002944	0.0129	0.99
C	0.004180	0.2022	0.89
A	0.002129	-0.0107	1.00
G	0.000675	-0.0082	0.98
G	0.004634	0.1381	0.94
C	0.000810	-0.0042	0.99
T	0.001148	-0.0111	0.99
A	0.001531	0.0080	0.99
A	0.001658	-0.0040	1.00
C	0.002929	0.0467	0.98
A	0.002152	-0.0230	0.99
T	0.002293	-0.0147	1.00
C	0.003258	0.0679	0.97
T	0.001537	-0.0029	1.00
G	0.000553	-0.0067	0.98
A	0.001831	0.0032	1.00
C	0.000656	-0.0079	0.99
G	0.000934	-0.0078	0.99
A	0.002399	0.0191	0.99
C	0.001752	0.0086	0.99
A	0.002717	0.0116	1.00
C	0.001261	-0.0164	0.99
G	0.000652	-0.0044	0.99
G	0.002008	0.0157	0.99
G	0.000970	-0.0047	0.99
C	0.000505	-0.0040	0.99
A	0.002930	0.0288	0.98
T	0.002214	0.0034	1.00
A	0.003099	0.2015	0.86
T	0.002751	0.0537	0.98
A	0.004098	0.1081	0.96
T	0.002075	0.0069	1.00
T	0.003104	0.0455	0.98
A	0.003547	0.0567	0.98
T	0.002516	0.0537	0.97
T	0.001555	-0.0101	1.00
G	0.002718	0.0249	0.99
T	0.001632	-0.0042	1.00
G	0.001696	-0.0160	0.99
C	0.001496	-0.0211	0.99
G	0.001160	-0.0059	1.00
A	0.002473	0.0220	0.99
G	0.001450	-0.0027	1.00
A	0.002053	0.0046	1.00
G	0.000769	-0.0041	0.99
A	0.002140	0.0085	1.00
C	0.000917	-0.0099	0.99
A	0.001927	-0.0063	1.00
A	0.003271	0.0169	0.99
G	0.003577	0.1628	0.89
T	0.002784	0.0003	1.00
A	0.003745	0.0438	0.99
C	0.002606	0.0432	0.98
T	0.002412	0.0181	0.99
A	0.004249	0.0940	0.97
T	0.001899	0.0219	0.99
G	0.002229	0.0086	0.99
G	0.003365	0.1565	0.90
T	0.003058	0.0699	0.97
A	0.003271	0.0536	0.98
A	0.003653	0.0701	0.97
T	0.001926	-0.0035	1.00
G	0.001262	0.0007	1.00
A	0.001899	0.0042	1.00
G	0.000709	-0.0061	0.99
G	0.002375	-0.0191	1.00
C	0.001105	-0.0042	1.00
A	0.003063	0.0378	0.99
G	0.001767	0.0237	0.98
T	0.001546	0.0036	1.00
C	0.001064	0.0028	1.00
G	0.002038	-0.0111	1.00
G	0.003330	0.1804	0.88
A	0.003243	0.0736	0.97
A	0.004034	0.0877	0.96
T	0.002614	0.0711	0.96
G	0.001625	0.0244	0.98
G	0.000802	-0.0051	0.99
A	0.002558	0.0228	0.99
C	0.001047	0.0014	1.00
G	0.001520	0.0038	1.00
T	0.001588	-0.0003	1.00
C	0.000958	-0.0052	1.00
T	0.001701	-0.0024	1.00
G	0.000336	-0.0026	0.99
G	0.000255	-0.0030	0.98
G	0.000369	-0.0043	0.98
G	0.000819	-0.0041	1.00
C	0.000687	-0.0036	0.99
C	0.000404	-0.0042	0.99
A	0.002340	0.0079	1.00
G	0.004164	0.1205	0.95
G	0.000655	-0.0073	0.98
G	0.002011	0.0075	1.00
G	0.001143	-0.0079	1.00
A	0.002088	0.0015	1.00
C	0.001734	0.0157	0.99
C	0.001546	-0.0016	1.00
T	0.002542	0.0079	1.00
C	0.001100	-0.0135	0.99
G	0.001475	-0.0077	1.00
G	0.001048	-0.0073	0.99
T	0.001466	-0.0018	1.00
C	0.000748	-0.0045	1.00
A	0.002698	0.0057	1.00
C	0.001486	-0.0001	1.00
C	0.000983	-0.0083	0.99
G	0.001131	-0.0046	1.00
T	0.001565	0.0009	1.00
C	0.000920	-0.0018	1.00
T	0.001939	0.0089	1.00
C	0.001087	-0.0009	1.00
C	0.001683	0.0107	0.99
T	0.001538	-0.0035	1.00
C	0.001590	-0.0106	1.00
A	0.002691	0.0185	0.99
